0.025
0.08222222222222222
-0.2
0.11388888888888889
-0.008522727272727274
0.3833333333333333
0.0
0.1
-0.15714285714285714
0.5
0.0
0.0
0.4
0.1
-0.16999999999999998
0.16333333333333333
-0.25
0.225
-0.03333333333333333
0.0
0.0
0.049999999999999996
0.16285714285714287
-0.30000000000000004
0.0
0.15133333333333335
0.21607142857142858
0.05000000000000001
-0.25
0.15833333333333333
0.26785714285714285
-0.21770833333333328
-0.1416666666666667
0.32
0.16428571428571428
0.10238636363636364
0.3727972027972028
0.2708333333333333
0.025
0.6
0.17500000000000002
-0.005350378787878789
0.0
0.0042735042735042705
-0.125
-0.05681818181818182
-0.10153061224489797
0.23717532467532468
0.27363945578231297
0.0
0.0
0.05
0.36500000000000005
0.75
0.016666666666666666
0.125
-0.11111111111111112
0.0
-0.05185185185185185
0.3578125
0.016666666666666666
0.19
0.0
0.03333333333333333
0.11666666666666665
0.04375
-0.054017857142857145
0.1875
0.0
0.8
0.19795918367346937
0.0
0.0
-0.25
0.08812500000000001
0.0
0.0
-0.17291666666666666
0.24027777777777773
0.21875
0.375
0.0
0.15219780219780218
0.31666666666666665
0.05619658119658118
-0.07777777777777778
0.0
0.25
0.04196428571428571
-0.2
0.0062500000000000056
-0.109375
0.3833333333333333
0.24062499999999998
0.65
0.3333333333333333
0.25
0.5
0.03333333333333333
0.03333333333333333
1.0
0.08333333333333336
0.175
0.07500000000000001
0.15000000000000002
0.22499999999999998
0.05833333333333335
0.24625000000000002
0.39
-0.4
0.13636363636363635
-0.125
-0.35
-0.13888888888888887
0.0
0.0
-0.02380952380952382
0.13333333333333333
0.0
-0.07777777777777778
-0.07777777777777778
-0.033333333333333326
0.0
0.25625
-0.010185185185185183
0.225
0.09702380952380953
-0.0031250000000000167
0.05090909090909091
0.21530729371638466
0.0
-0.057407407407407414
0.1375
0.0
-0.06999999999999999
0.3
-0.01875
-0.03728354978354979
-0.16666666666666666
0.016666666666666663
0.032040816326530615
-0.0625
0.0
-0.1376851851851852
0.05000000000000002
0.19378306878306878
-0.1875
0.3039772727272727
-3.700743415417188e-17
0.06666666666666668
0.25
0.2
0.4
0.09318181818181817
0.28425
0.08333333333333333
0.5
-0.125
0.0
0.7
-0.4
0.0
0.00416666666666667
0.0
-0.025
0.09999999999999998
0.0
0.14285714285714285
-0.5
-0.1
0.0
0.0
-0.125
0.14999999999999997
0.0
0.5
0.0
0.25
0.3
0.0
-0.5
-0.38
-0.043750000000000004
0.3
0.0
0.5
-0.4
0.0
-0.203125
0.0
0.0
0.0
0.0
0.0
-0.3125
0.02407407407407407
-0.0001893939393939522
0.625
0.0
-0.10833333333333334
0.566857142857143
0.09107142857142858
-0.45
0.8
0.21666666666666667
0.06818181818181818
0.4083333333333333
0.8
0.2
0.3125
-0.12
0.0
-0.2
0.0
0.0
0.019791666666666666
0.12604166666666666
0.12324263038548752
0.14022435897435898
0.07682291666666667
0.05438368055555557
0.0
-0.12222222222222222
0.07380952380952381
0.0
-0.0039285714285714245
0.07083333333333335
0.04489795918367349
-0.023437500000000007
0.10142857142857142
0.0
0.075
0.05000000000000001
0.2125
0.10785714285714287
0.0
-0.2
0.3
0.16458333333333336
0.0
0.21944444444444441
0.12023809523809524
0.058472222222222224
0.0
0.2566666666666667
0.29442857142857143
0.2515151515151515
-0.006490384615384613
0.15714285714285714
-0.024999999999999994
0.15142857142857144
0.0
0.3666666666666667
-0.021428571428571432
0.07142857142857142
-0.1875
0.4
-0.3
-0.6999999999999998
-0.004166666666666667
0.0
0.2333333333333333
-0.10029761904761907
0.025
0.030555555555555572
0.25416666666666665
-0.125
0.12217261904761904
-0.15625
0.009871031746031754
0.55
0.0
0.0
0.21212121212121213
0.005729166666666681
-0.25
2.7755575615628914e-17
0.0
0.23452380952380952
0.2941758241758242
0.21333333333333332
-0.10000000000000002
0.042857142857142864
0.09592352092352092
0.0
0.0062500000000000056
0.075
0.0
-0.04107142857142858
-0.10714285714285714
-0.13333333333333336
0.0
-0.30000000000000004
0.1
0.26999999999999996
0.075
0.0
-0.42500000000000004
0.31727272727272726
0.022727272727272724
0.0
-0.04999999999999999
0.2
0.05
0.0
-0.25
0.039999999999999994
0.475
0.0
0.0
0.0
-0.07500000000000001
-0.22222222222222224
0.0
-0.5
0.0
0.0
-0.125
-0.012499999999999997
0.0
0.0
0.47500000000000003
0.15
0.2020833333333333
0.22592592592592592
0.0
0.9375
0.5
0.0
0.0
0.0
-0.3433333333333333
-0.053888888888888896
0.15
0.0
-0.1875
0.09999999999999998
-0.05
-0.1875
0.8
0.08642857142857142
0.2711734693877551
-0.09444444444444441
0.24166666666666667
-0.11000000000000001
0.1471590909090909
0.06444444444444444
0.14444444444444446
0.2833333333333333
-0.3166666666666666
-0.21805555555555556
0.038095238095238085
0.12499999999999999
0.24642857142857144
0.03952380952380953
0.15625
0.4
0.12878787878787878
0.033585164835164834
0.29500000000000004
0.20833333333333331
-0.375
-0.05277777777777777
-0.03333333333333333
0.011111111111111113
-0.1411111111111111
0.4166666666666667
0.0
0.0
0.0
0.0886904761904762
0.27305194805194805
0.2814814814814815
-0.09999999999999999
0.1
0.2333333333333333
0.26666666666666666
0.0
0.0
-0.15119047619047615
0.0
0.12500000000000003
0.09444444444444444
-0.25
0.028787878787878782
0.0
0.0
-0.06064814814814815
-0.125
-0.12121212121212122
0.0
0.5
0.1
0.06818181818181818
-0.6000000000000001
0.10833333333333332
-0.19375
0.5
0.0
-0.16857142857142854
0.65
0.0
-0.22916666666666666
0.06250000000000001
-0.043333333333333335
0.125
0.3234006734006734
-0.6
0.09166666666666666
0.0
0.0
0.0
0.0
0.0
0.16499999999999998
0.0
0.7
0.2
-0.2
0.0
0.0
0.0
0.0
0.0
0.0
0.0
0.0
-0.1875
0.0
0.0
0.2
1.0
0.1
-0.3333333333333333
0.6
-0.2
0.0
0.2
0.5
-0.2833333333333333
0.5
0.125
0.3111111111111111
0.2
0.0
-0.13125
-0.003968253968253962
-0.012499999999999997
0.0
-0.06481481481481481
-0.1875
-0.2916666666666667
0.0
0.0
0.0
-0.028124999999999997
0.0
0.0
0.0
0.0
-0.1875
0.14999999999999997
0.14166666666666664
0.7000000000000001
0.38571428571428573
0.0
0.0
0.1
0.2392857142857143
-0.32499999999999996
0.5
-0.0625
0.0
0.05
-0.06590909090909092
0.0
-0.29999999999999993
0.0
0.21428571428571427
0.13333333333333333
0.6499999999999999
0.0
0.0
0.0
-0.125
0.0798611111111111
-0.15555555555555556
0.0
0.11666666666666668
-0.1875
0.611111111111111
0.04523809523809523
0.175
0.4125
-0.05
0.25
0.28857142857142853
0.09999999999999999
0.10625000000000001
0.0
0.2
0.3333333333333333
0.26666666666666666
-0.038095238095238106
-0.32083333333333336
0.02175925925925927
-0.265625
0.0
0.15833333333333333
0.0
0.15625
0.0
0.1464285714285714
0.020833333333333336
-0.016666666666666663
0.23452380952380952
0.04583333333333333
0.0
0.033333333333333326
0.05000000000000002
-0.009083333333333332
-0.10000000000000002
0.4222222222222222
0.4583333333333333
0.0
0.0842857142857143
0.0
0.2
0.1
0.38928571428571423
-0.10227272727272728
-0.0625
0.47000000000000003
0.0
0.0020089285714285747
0.075
0.05
0.04722222222222222
0.35714285714285715
0.07500000000000001
0.3
0.103125
0.12916666666666665
-0.07142857142857138
0.2875
0.2
-0.27499999999999997
-0.4
0.015224358974358976
0.0
-0.05000000000000001
0.25833333333333336
0.0
0.01666666666666667
-0.05
0.0
0.044642857142857144
-0.09186507936507939
0.11388888888888887
-0.08
0.06666666666666667
0.07032967032967033
-0.07953296703296704
-0.10595238095238095
-0.4
0.0385204081632653
-0.036111111111111115
0.05357142857142857
0.8
0.1857142857142857
0.06726190476190474
0.3444444444444445
0.7
0.0
0.03333333333333333
-0.06964285714285715
0.1
0.5
0.25
0.21904761904761902
0.0
-0.12633333333333333
0.25
0.05555555555555556
0.04017857142857143
0.253125
0.15000000000000002
0.1
0.0
0.26666666666666666
0.11166666666666666
0.0
0.0
0.11249999999999999
0.175
0.375
0.6
0.4699999999999999
0.020833333333333332
0.0
0.0342948717948718
-0.03333333333333333
-0.04999999999999999
0.3275
0.0
0.0
0.033516483516483515
-0.30625
-0.033333333333333326
0.0
0.0
0.2965277777777778
-0.06999999999999999
-0.0875
-0.19508928571428566
0.08333333333333333
-0.3333333333333333
0.0
0.35
0.06493506493506493
0.7
0.08214285714285714
0.37812500000000004
0.08404761904761904
0.125
-0.3
0.2583333333333333
0.0
0.0
-0.125
0.0
-0.1875
0.07307692307692308
-0.125
0.0
-0.03125000000000001
-0.16416666666666666
-0.05214285714285714
0.011111111111111113
0.0
0.2
0.0
-0.057407407407407414
0.25
0.35
0.2857142857142857
0.10899470899470899
-0.16
0.1311607142857143
0.0
-0.027164502164502176
0.0
-0.041666666666666664
-0.5
0.06825396825396826
0.0
0.0
0.20000000000000004
0.0
0.19
0.13333333333333333
0.3
0.09687499999999999
0.09917582417582417
0.21428571428571425
-0.115625
0.024999999999999994
-0.075
0.25
0.13749999999999998
0.37142857142857144
0.09999999999999998
0.21428571428571427
0.5
-0.2666666666666666
-0.062152133580705
0.5583333333333333
0.4166666666666667
0.08
0.06250000000000001
0.1
0.0
0.1
0.3
0.3333333333333333
0.0
0.0
0.7
0.0
0.2
0.025000000000000005
0.21875000000000003
0.17416666666666666
0.0
0.25
0.0
0.0
0.0
-0.4
-0.09375
0.0913888888888889
-0.10416666666666667
0.5
0.0
-0.2
0.08666666666666667
0.0
0.0
-0.0005952380952381001
0.08099999999999999
0.05
0.06309523809523808
-0.0572544642857143
-0.07968750000000001
0.0
0.07222222222222222
-0.0029761904761904817
0.3361111111111111
0.0
0.16666666666666666
0.0
-0.03571428571428571
0.07534722222222222
-0.4
0.0
-0.0371031746031746
0.0
-0.4
-0.8
-0.05000000000000001
-0.35
0.3
0.0
0.10714285714285714
0.11597222222222221
0.375
-0.1
0.5
0.0
0.175
0.35
0.2214285714285714
-0.08035714285714286
-0.003124999999999996
0.0
-0.029166666666666664
0.0
0.0
0.0
0.0
0.0
0.0
-0.1625
-0.016666666666666663
0.21666666666666665
0.16875
0.24444444444444446
0.1
0.0
0.0
0.0
0.1
0.0
-0.02
0.2333333333333333
0.0064102564102564005
-0.21428571428571427
-0.65
-0.5599999999999999
-0.28333333333333327
0.0
-0.2333333333333333
0.10000000000000002
0.19953703703703707
0.5
-0.8499999999999999
-0.4749999999999999
-0.35000000000000003
0.1
-0.14166666666666666
0.15
-0.038198757763975154
0.16818181818181818
0.23500000000000004
0.0
0.11203703703703706
0.2640625
0.0
0.0
-0.07270408163265306
-0.02250000000000001
0.00918367346938776
-0.05
0.0011574074074074032
0.07991452991452992
0.0
0.23000000000000004
0.21718749999999998
0.2
0.08440656565656565
0.0
-0.25
0.0
0.06000000000000001
0.0
0.2375
-0.10892857142857143
0.19999999999999998
-0.18333333333333335
0.0
0.35
0.5
0.25
0.11428571428571428
-0.008333333333333337
-0.16666666666666666
-0.025000000000000022
0.03815789473684211
0.04776785714285715
0.029886363636363635
0.15750000000000003
0.28105158730158736
0.0
0.0
0.13075757575757577
0.0
0.5
0.15
0.0
-0.09375
0.050000000000000044
-0.08140589569160998
0.10909090909090909
0.4166666666666667
0.0
0.7
0.0
0.16999999999999998
0.2534722222222222
0.0
0.0
0.675
0.5222222222222223
0.0
0.0
-0.1875
0.0
0.0
0.19027777777777777
0.17916666666666667
0.09722222222222222
0.05
-0.07999999999999996
-0.3
-0.275
0.12108843537414968
0.13333333333333333
-0.15
0.13333333333333333
0.01948051948051948
0.5333333333333333
0.13636363636363635
0.3723214285714285
0.38333333333333336
0.1222222222222222
0.26666666666666666
0.5
0.31538461538461543
0.10669642857142855
0.03912337662337662
0.0
-0.25
0.5
0.0
-0.22666666666666666
0.0
0.26048951048951047
0.20702947845804992
0.1
0.22857142857142856
0.2711811997526283
0.057499999999999996
0.24398148148148147
0.2
0.3666666666666667
0.3
0.0
0.0
0.4
0.03214285714285714
0.2
-0.04805555555555555
0.11472222222222223
0.25
0.06666666666666665
0.0
0.0
0.5
0.0
0.13333333333333333
0.056249999999999994
-0.05952380952380952
0.15
0.12916666666666668
0.15
-0.025
0.2642857142857143
0.0
-0.18181818181818182
-0.03333333333333333
0.1935897435897436
0.0
0.0
0.18333333333333335
0.5875
0.0
-0.16666666666666666
-0.5
0.0
0.0
0.01578282828282827
0.11666666666666668
0.0
0.2
0.6202380952380953
0.575
0.45
0.5345238095238095
1.0
0.25200000000000006
-0.008333333333333326
0.16166666666666668
0.034722222222222224
-0.3
0.06666666666666667
0.6
0.5
0.23583333333333334
0.16
0.39999999999999997
0.35000000000000003
0.0
0.159375
-0.125
0.15333333333333335
0.0
0.04
0.0375
0.5
0.21666666666666665
0.0
0.475
0.0
1.0
0.0
0.0
-0.01111111111111109
-0.07166666666666666
1.0
0.08750000000000008
0.15
0.37000000000000005
-0.35625
0.23571428571428568
0.12307422969187674
-0.13333333333333333
0.11481481481481481
0.0
0.0
-0.125
0.0
0.0
-0.3
0.2
0.3317550505050505
0.16875
0.2857142857142857
0.0
0.0
0.25
0.25
0.23537414965986397
-0.5
0.0
0.2
0.0
-0.5
-0.08000000000000002
0.1708333333333333
-0.05128205128205129
0.0
0.27592592592592596
0.0
0.0
0.0
-0.033333333333333326
-0.04999999999999999
0.0
0.2857142857142857
0.0
0.1
0.0
0.0
0.2625
0.015277777777777788
0.20476190476190473
0.09285714285714285
0.3
0.0
0.375
-0.10092592592592592
0.08333333333333334
0.5071428571428571
0.075
0.48888888888888893
0.32999999999999996
0.14356060606060606
0.0
-0.025
0.12916666666666668
0.18409090909090908
0.25
0.08979591836734692
-0.4
0.08154761904761905
0.4
0.07500000000000001
0.16071428571428573
0.5
0.10357142857142856
0.16666666666666666
0.1642857142857143
0.0
0.06599999999999999
0.07638888888888888
0.3
0.09999999999999998
0.2
0.0
0.0
-0.1875
0.0
0.0
0.48750000000000004
0.23779761904761906
0.404375
0.30416666666666664
0.6166666666666667
0.3
1.0
0.1722222222222222
0.3041666666666667
0.19866071428571425
0.029761904761904757
-0.5
0.15
0.13533333333333333
0.0
0.0
-0.1
0.0
0.0
0.0
-0.2
0.19999999999999998
-0.25
0.0
0.0
0.5
-0.1
0.21428571428571427
-0.008928571428571425
0.0
0.2
-0.375
0.525
0.0
0.0
0.1875
-0.27777777777777773
0.075
0.32
0.28809523809523807
0.2
-0.1875
0.06875
0.275
0.0
0.0
0.0
0.25
0.26855769230769233
0.0
0.0
0.0
-0.1875
0.2785714285714286
-0.125
-0.3125
0.0
-0.2107142857142857
-0.23333333333333334
0.21428571428571427
-0.1
-0.396875
0.2857142857142857
0.36333333333333334
0.05
0.21785714285714283
0.0
0.0
0.05
0.0
0.0
-0.6999999999999998
-0.09375
0.5
0.21666666666666667
-0.033333333333333326
0.0
-0.05833333333333333
0.3625
0.0
-0.04375
0.10416666666666667
0.0390625
0.012499999999999997
0.7
0.4
0.03796296296296296
0.0
0.0
0.0861111111111111
-0.12916666666666665
-0.12187500000000001
0.10317460317460318
-0.0625
0.30000000000000004
0.0
0.0
-0.10555555555555553
0.057678571428571426
-0.011111111111111117
0.01666666666666667
-0.025
0.0
0.03035714285714283
0.09915343915343915
-0.2
0.12083333333333335
0.35
0.35714285714285715
0.16666666666666666
0.4380952380952381
0.21530112044817928
0.0
0.225
0.13295454545454546
0.0
0.09375
-0.01802248677248677
0.1326530612244898
0.1380952380952381
0.25000000000000006
0.16619047619047617
0.24285714285714288
0.62
0.5083333333333333
0.25
0.8
0.0
0.27809523809523806
0.3111111111111111
0.0
0.07285714285714284
0.041666666666666664
0.475
0.05641025641025642
-0.23375000000000004
-0.12638888888888886
0.022222222222222216
0.3357142857142857
-0.05869047619047618
0.0
0.35
0.1076388888888889
-0.049999999999999996
0.25
0.0
0.0
-0.8
0.5
0.2
0.0
0.096875
0.0
0.0
0.0
0.0
0.0
0.8
-0.234375
0.008035714285714285
0.0
0.0
0.0
0.5
0.0
0.8
-0.225
0.7
0.7
-0.6999999999999998
-0.25
0.2111111111111111
0.0
0.11157407407407409
0.15714285714285717
0.033766233766233764
0.0
0.22481060606060607
0.37878787878787873
-0.1069047619047619
0.042499999999999996
0.0
0.0
-0.12380952380952381
0.37142857142857144
0.029761904761904757
0.7
0.07857142857142858
-0.2625
0.0
0.0
0.0
0.0
-0.0875
0.19074074074074074
0.45
0.325
0.0
-0.43611111111111106
0.41875
0.05714285714285715
-0.09583333333333333
-0.14583333333333334
0.3833333333333333
0.11870748299319726
0.6
0.0
0.04666666666666667
-0.225
-0.1
0.375
0.0
0.0
-0.39375
-0.06208333333333334
0.0
0.25
0.07142857142857142
0.20166666666666666
0.0
0.225
-0.008333333333333331
0.1421875
0.18125
0.040151515151515146
0.1882508116883117
0.05833333333333333
-6.938893903907228e-18
0.06666666666666667
0.0
0.0
0.0
0.0
0.0984375
0.0
0.0325
0.225
0.0
0.05166666666666668
-0.3125
0.11071428571428574
-0.021875
-0.125
-0.31949999999999995
0.15625
0.16999999999999998
0.2651515151515152
0.1660714285714286
0.10625000000000001
0.0425
-0.21473214285714284
0.2333333333333333
-0.05535714285714286
0.1285714285714286
-0.1296875
0.4302083333333333
0.0
0.0
0.09166666666666665
0.0
0.0
-0.4
0.06296296296296296
0.19166666666666668
0.13333333333333333
0.25
-0.11166666666666666
0.05833333333333334
0.0
0.09006696428571428
0.17777777777777778
0.07142857142857141
0.0
0.3
-0.05625000000000001
0.16875
-0.049999999999999996
0.05312500000000003
-0.4
0.4291666666666667
0.0
0.47500000000000003
0.5
0.5
0.5
0.11904761904761904
-0.125
0.10416666666666667
0.3
0.0
0.5
0.4
0.4
-0.11666666666666665
0.0
-0.6999999999999998
0.0
0.0
-0.28750000000000003
0.0
-0.20416666666666666
0.3333333333333333
-0.024642857142857143
0.06999999999999999
0.12
0.07916666666666666
0.08333333333333333
0.12053571428571426
0.037500000000000006
0.04598595848595849
0.390625
0.21666666666666665
-0.1
0.0
0.0
0.0
0.1625
-0.07511363636363637
0.6
0.19318181818181818
-0.24166666666666667
0.0
-0.041666666666666644
0.05208333333333334
-0.07083333333333333
0.37705357142857143
-0.25
0.6
0.1955357142857143
0.3329004329004329
0.25
0.3666666666666667
0.043939393939393945
-0.008333333333333304
0.3333333333333333
0.125
0.203125
0.12857142857142856
0.7
0.23936298076923074
-0.38749999999999996
0.45
0.325
0.24886363636363637
0.2914285714285714
0.20727272727272728
-0.1
0.14933712121212123
0.8
0.0
0.1488095238095238
0.20694444444444446
0.0
0.3057142857142857
0.16666666666666666
0.18888888888888888
0.0
0.14583333333333334
0.23749999999999996
0.0
0.06722222222222224
-0.15000000000000002
0.09970238095238096
0.125
-0.0050000000000000044
0.4044642857142857
0.039732142857142855
0.19092261904761906
0.0619047619047619
-0.19999999999999996
0.0
0.0
-0.5
0.0
0.0
0.13636363636363635
0.0
0.0
0.0
0.0
0.0
0.5
0.35
0.09999999999999999
0.5
0.5
0.21428571428571427
-0.25
0.3333333333333333
0.0
0.0
0.2972222222222222
-0.375
-0.07142857142857141
0.5
-0.07999999999999999
-0.04
0.08333333333333333
0.04326923076923077
0.1857142857142857
0.3333333333333333
0.0
0.0
-0.3333333333333333
-0.3
0.0
0.2025641025641026
0.37083333333333335
0.0
0.0
-0.5666666666666667
0.2
0.3441666666666666
0.4125
0.4
0.0
0.2
0.0
0.0
0.04999999999999999
0.19166666666666665
-0.09375
0.41250000000000003
0.26666666666666666
0.0
0.0
0.1
0.26233766233766226
0.0
0.13636363636363635
0.0
-0.75
0.7
-0.15
0.5
0.0
0.2
0.5
-0.1875
0.0
0.6
0.0
0.16354166666666667
1.0
0.31875
0.16666666666666669
-0.7
0.16666666666666666
-0.5
0.0
0.4916666666666667
0.0
0.0
-0.5458333333333334
-0.5
-0.2699999999999999
0.08712121212121213
0.0
-0.04642857142857142
-0.25
0.5
0.0
0.08916666666666666
0.2
-0.3
0.0
0.25925925925925924
0.7
-0.12678571428571428
0.0
-0.3125
0.0
-0.08333333333333333
-0.3125
0.049999999999999975
-0.0625
0.06
0.0
0.5
0.6
0.7000000000000001
0.1
0.0
0.25
0.36249999999999993
0.45
0.225
0.0
0.16249999999999998
-0.17333333333333334
0.32
0.18225108225108225
-0.11666666666666665
-0.6999999999999998
-0.05
0.2708333333333333
0.125
0.375
0.024999999999999998
-0.2916666666666667
0.0
0.6
0.275
0.0
0.3
0.0
0.35
0.0
0.1
0.7
0.0
0.0
0.0
-0.056249999999999994
0.1
-0.1875
0.7266666666666666
0.0
0.10625000000000001
-0.6999999999999998
0.6
0.0
0.7
0.0
0.09999999999999999
0.0
0.0
0.0
0.0
-0.2
0.0
0.0
-0.05
-0.05430555555555555
0.35714285714285715
0.03125
0.2857142857142857
0.25
1.0
0.0
0.0
0.0
0.48
-0.1875
0.3333333333333333
-0.39
0.35000000000000003
0.125
0.0
-0.44999999999999996
0.7
0.0
0.0
0.0
-0.011111111111111108
-0.025
0.0
0.13333333333333333
0.0
-0.125
0.24285714285714285
0.04027777777777778
-0.11666666666666665
0.35
0.7
0.0
-0.16770833333333332
-0.17397959183673464
-0.015000000000000003
0.0
0.3
-0.05238095238095238
0.0
0.525
0.0
0.2
-0.2916666666666667
0.49333333333333335
0.28
0.45
0.04999999999999999
0.5583333333333333
0.2708333333333333
0.2611111111111111
0.05277777777777778
0.2
0.1
0.25
0.3
0.21000000000000002
0.0
0.05555555555555555
0.19166666666666665
0.37878787878787873
-0.021875000000000006
-0.07142857142857142
0.6
0.06000000000000001
-0.009259259259259259
0.0
-0.018518518518518507
0.2
-0.1875
0.21481481481481482
0.5833333333333333
0.0
0.13888888888888892
-0.06666666666666667
0.17333333333333334
0.16666666666666666
-0.05
0.0625
0.26666666666666666
0.07916666666666666
-0.036666666666666674
0.0
0.20625
0.10000000000000002
-0.08750000000000001
0.0
-0.04583333333333333
0.19062500000000002
0.2448979591836735
0.003541666666666665
0.3666666666666667
0.16249999999999998
-0.1483974358974359
0.10666666666666666
0.11458333333333333
0.0
0.0
0.2833333333333333
0.4375
0.24126984126984127
0.58125
0.16666666666666669
0.0
0.0
0.3
-0.25
0.0
0.0
0.036111111111111115
0.0
0.0
-0.195
0.33125000000000004
0.0
0.0
-0.075
-0.5
0.0
-0.26666666666666666
0.24500000000000002
0.23892045454545452
0.1875
0.21212121212121213
0.0375
0.0
-0.07172619047619046
-0.0415
-1.0
-0.08928571428571427
0.7
0.07083333333333335
0.0
-0.21354166666666669
0.0
0.0
0.0
0.0
0.30714285714285716
0.35
0.0
0.18333333333333335
0.0017857142857142713
0.08333333333333333
0.08499999999999999
0.0
-0.0375
0.075
0.125
-0.059999999999999984
0.13282828282828282
0.0861111111111111
0.0
-0.21500000000000002
0.12499999999999999
0.09999999999999998
-0.20833333333333334
-0.25
0.5
-0.15416666666666667
0.16607142857142856
-0.42777777777777776
-0.35
0.03333333333333333
-0.6
0.375
0.0
0.016666666666666663
0.4
0.0
0.024999999999999994
0.0
0.1
0.0
0.0
0.0
0.13999999999999999
0.0
-0.09107142857142858
-0.78
0.08749999999999998
0.2
-0.023333333333333338
0.17071428571428568
0.15
0.0
0.5
0.1375
0.19047619047619047
0.0
0.0265625
0.033333333333333326
0.5
0.0
-0.012499999999999997
0.125
-0.1
-0.25
0.25
-0.2
0.0
-0.16233766233766234
0.0
0.18928571428571428
0.0
0.0
-0.0625
0.023333333333333327
0.00833333333333334
0.0
0.0
-0.05000000000000002
-0.09375
0.0
0.0
0.10714285714285714
0.0
0.0
0.1
0.20238095238095236
0.2
0.0
-0.2833333333333334
0.125
0.0
-0.171875
0.16944444444444443
0.0
0.225
-0.3375
0.0
-0.3645833333333333
0.3
0.15
0.3
0.0
0.13456790123456788
0.2872727272727273
0.6
-0.05
-1.0
-0.030859375
0.26666666666666666
-0.23854166666666668
0.13322510822510825
0.21666666666666667
0.1365625
0.07222222222222223
-0.0967171717171717
0.10714285714285714
-0.5458333333333333
-0.07500000000000001
0.0
0.0
0.16999999999999998
0.5
0.275
0.14285714285714285
0.18888888888888888
0.0
0.15625
0.190625
0.3333333333333333
0.20138888888888887
0.16666666666666666
0.09000000000000004
0.04166666666666667
-0.05
0.03409090909090909
1.0
-0.09375
0.19999999999999998
0.0
0.7
0.0
-0.1375
0.0
0.03333333333333333
0.04409999999999999
0.075
0.0
0.034920634920634915
0.23214285714285715
-0.05
0.0
-0.14583333333333334
-0.055555555555555546
0.35357142857142854
0.11000000000000001
-0.15555555555555556
0.3714285714285714
-0.05
0.057118055555555554
0.21428571428571427
0.09795918367346938
0.25
-0.1
0.13333333333333333
-0.06666666666666667
0.09999999999999999
0.0
-0.25
0.1
-0.1375
0.0
0.3
0.02500000000000001
0.8
0.1
0.5
0.0
-0.26666666666666666
0.4
0.10642857142857143
-0.09375
0.016666666666666663
0.0
-0.20000000000000004
-0.08333333333333333
0.0
0.0
0.03293650793650794
0.016666666666666673
-0.07916666666666668
0.17179487179487177
0.0875
0.10892857142857143
0.2020408163265306
0.0031250000000000028
-0.014322916666666671
0.15
-0.019387755102040796
0.12450396825396826
0.16057256235827663
0.26666666666666666
-0.024404761904761905
0.2
-0.08333333333333333
0.415625
0.002499999999999991
0.0
-0.10833333333333332
0.10208333333333333
-0.13749999999999998
0.7
0.2571428571428571
0.1
0.3194444444444445
0.35
0.6
-0.09999999999999998
0.07245670995670996
0.26666666666666666
-0.10138888888888889
0.08928571428571429
0.02533333333333333
-0.20342592592592593
0.14375
0.31111111111111117
0.37592592592592594
-0.04999999999999999
0.225
-0.008730158730158718
-0.02499999999999999
-0.03125
0.15000000000000002
0.0
0.33888888888888896
0.23500000000000001
0.08824855699855699
0.19999999999999998
0.4666666666666666
0.0
0.3
0.05
0.5
0.04583333333333334
0.28785123966942144
0.2
0.0
0.15606060606060607
-0.15
0.0
0.2
0.10477272727272727
-0.037037037037037035
0.43333333333333335
0.06916666666666667
0.03333333333333333
0.07810435178856233
0.06354166666666668
0.0380952380952381
0.10666666666666665
-0.05
-0.1
0.0
-0.02416666666666666
0.2285714285714286
0.22142857142857142
0.42857142857142855
0.0925925925925926
0.21428571428571427
-0.3
0.19999999999999998
0.11666666666666665
0.2
0.24193322109988777
0.225
0.05416666666666666
0.35
0.3060714285714286
0.10609243697478991
0.21428571428571427
0.45
0.14563492063492064
0.06166666666666667
-0.029166666666666664
0.19999999999999998
0.35000000000000003
0.0
0.2
0.35909090909090907
0.08409090909090908
0.0
0.0
0.0
0.0
0.0
0.0010000000000000009
0.034920634920634935
-0.03611111111111112
-0.05
0.06875
0.45499999999999996
0.3
0.25873144712430424
0.13598484848484851
0.6
0.5
0.2857142857142857
0.12129416282642087
-0.21875
0.2
0.0
0.5
0.7
0.1154761904761905
1.0
0.7
0.0
0.06794990723562153
0.0058333333333333345
0.35357142857142854
0.21000000000000002
0.0
0.0
-0.17261904761904762
0.2
1.0
1.0
0.4333333333333333
0.0
0.0
0.0
0.0
0.0
0.16666666666666666
0.11666666666666668
0.13055555555555556
0.1425
0.26031746031746034
0.0
0.5
0.1715909090909091
-0.24761904761904763
0.053750000000000006
-0.06666666666666667
0.331505994005994
0.11559808612440191
0.2425
0.05053571428571428
0.0
0.05
-0.7
0.01266233766233766
0.2875
0.053571428571428575
0.04444444444444447
0.04625850340136055
0.04538461538461539
0.07142857142857142
0.26964285714285713
0.0
0.175
-0.019999999999999983
0.195
-0.2666666666666666
0.025000000000000005
0.07083333333333333
-0.1
0.03928571428571428
0.0
0.125
0.104004329004329
-0.003409090909090907
0.18333333333333335
0.1708333333333333
-0.00714285714285715
-0.5
-0.07499999999999997
-0.25
0.06647727272727272
0.5666666666666667
0.5
0.06666666666666667
-0.2
0.1708333333333333
0.0
0.0
0.26249999999999996
-0.1366666666666667
0.0
0.0
-0.18611111111111112
0.4333333333333333
0.125
0.0
0.13636363636363635
0.0
0.5857142857142857
-0.3
0.0
0.375
0.05479076479076479
-0.096875
0.0
0.75
0.0
0.7
0.175
0.675
0.0
0.5
0.35
0.0
-0.2
-0.11458333333333331
0.3333333333333333
0.11666666666666665
0.2722222222222222
0.35
0.05
0.14285714285714285
0.10416666666666667
-0.02875
0.0
0.36
0.2
0.125
0.0
0.04999999999999999
-0.3
-0.15555555555555556
0.0
0.12083333333333335
0.1
0.0
-0.16666666666666666
0.0
-0.02500000000000001
0.5333333333333333
0.0
0.0
1.0
0.1
0.26666666666666666
-0.05138888888888888
0.0
0.125
0.0
-0.07499999999999998
0.0
0.1
0.3354166666666667
0.0
0.1
-0.3083333333333333
0.15416666666666667
0.0
-0.0357142857142857
0.25000000000000006
0.35
0.3571428571428571
0.5
-0.125
0.0
0.0
0.1
0.05
0.0
-0.5
0.05000000000000002
0.27999999999999997
0.12916666666666668
0.325
0.0
0.25
0.4732142857142857
-0.075
0.12222222222222222
0.25625
0.0
0.0
0.8
0.6
-0.125
0.0
0.08125000000000004
-0.13333333333333333
0.125
0.1425
0.06666666666666665
-1.0
-0.25
-0.175
0.18333333333333335
0.0
0.0
0.2
-0.65
-1.0
-1.0
-0.125
0.19999999999999998
0.0
0.3597222222222222
0.45
-0.7
0.6875
-0.7291666666666666
0.0
0.018229166666666668
0.8
0.0
0.5
-0.06666666666666667
-0.13333333333333333
0.0
-0.08333333333333334
0.0
0.0
0.19888888888888892
0.0
0.0
0.0
0.0
0.0
0.0
0.35
0.2375
0.8125
0.4125
0.2
0.24988636363636366
0.5233333333333333
0.0
0.3181818181818182
0.06875
0.0
0.05142857142857144
0.1290625
0.14679487179487177
0.37878787878787873
-0.020833333333333346
0.325
-0.2
0.0
0.0
0.39444444444444443
0.10595238095238095
0.0
0.109375
-0.125
0.0
0.20476190476190478
0.20899470899470898
0.14625
0.25833333333333336
-0.09375
-0.1875
0.4083333333333334
0.35833333333333334
0.5666666666666667
0.016666666666666663
0.0
0.128125
0.01607142857142857
0.07083333333333335
0.05714285714285715
0.0
0.1833333333333333
-0.13749999999999998
0.09444444444444444
0.0
0.05397727272727273
0.39999999999999997
0.11964285714285713
0.0
0.08
0.17857142857142858
0.5
0.1
0.0
-0.15
0.225
-0.008333333333333338
-0.1875
0.016666666666666663
0.08333333333333334
0.0
0.05000000000000001
0.25
0.0
0.004166666666666661
0.25
0.13333333333333333
-0.1875
0.0
-0.21666666666666667
-0.1875
0.5
0.26249999999999996
0.0
0.0
0.0
0.5
0.30833333333333335
0.0
0.01333333333333333
0.25
0.5375
0.1728937728937729
0.13999999999999999
0.0
-0.16666666666666666
0.0
-0.052727272727272734
-0.6666666666666666
0.1
0.0
0.11266835016835014
-0.06818181818181816
0.0
0.15555555555555559
0.375
0.1125
0.04999999999999999
0.6
-0.13194444444444445
0.09285714285714286
0.05
-0.07142857142857145
0.4
-0.35
0.021590909090909088
0.0
0.5
0.55
0.0
0.0
0.0
0.0
0.11666666666666665
-0.20000000000000004
0.1
0.153125
-0.1875
0.12
0.0
0.033333333333333354
0.0
-0.15555555555555556
-0.7
0.5
0.0
-0.2
0.0
0.35
-0.1875
0.125
0.35
0.0
0.2
0.5
1.0
0.0
-0.4000000000000001
-0.4375
0.0
0.0
-0.8
0.0
0.06166666666666667
0.0
0.3666666666666667
-0.20357142857142857
0.4
-0.025757575757575757
0.2166666666666667
0.16666666666666669
0.0
0.0
0.375
0.0
0.20050505050505052
0.25555555555555554
-0.1875
0.12
0.16666666666666666
0.2
0.0
0.2333333333333333
0.0
-0.05000000000000001
-0.25
0.0
0.0
-0.2
0.0
-0.24999999999999992
0.0
0.55
-0.09166666666666667
0.6
0.7
0.0
-0.020833333333333332
-0.05
0.0
0.22727272727272727
0.7
0.03333333333333333
0.0
0.16666666666666666
0.3333333333333333
0.15833333333333335
0.0
0.25
0.11041666666666668
0.8
-0.09375
0.0006818181818181723
0.225
0.15178571428571427
0.25
0.0
-0.016249999999999973
0.02777777777777779
0.21428571428571427
-0.14750000000000002
0.04772727272727273
-0.5
-0.2222222222222222
0.51875
-0.15
0.0
0.2
-0.16666666666666666
0.0
-0.19749999999999998
-1.0
0.0
-0.14343434343434344
-0.35
-0.2
0.2
-0.021212121212121165
0.010000000000000009
-0.2125
0.0
0.14727272727272728
0.23409090909090907
-0.0625
-0.05
0.0
-0.2
0.0
-0.11388888888888887
0.03174603174603174
-0.1
-0.071875
-0.0125
0.0
0.55
-0.0625
0.0
0.16249999999999998
-0.016666666666666663
-0.05839160839160839
0.0
0.0
0.1
-0.6
-0.06979166666666667
0.0
0.0
0.13
0.0
-0.065
-0.5
0.0
0.0
0.08333333333333334
0.1964204545454545
0.22499999999999998
0.25
0.5
0.0
0.0
0.1358974358974359
0.050408496732026145
-0.05000000000000001
0.2125
0.0
0.09999999999999999
0.0
-0.013249999999999993
0.09285714285714285
0.0
0.08214285714285713
0.14208333333333334
-0.0625
0.06249999999999999
0.0
0.16666666666666666
0.0
0.21428571428571427
0.0
0.0
0.0
0.3464285714285714
0.0
-0.5
0.21285714285714286
-0.09464285714285714
0.15833333333333333
0.1
-0.16666666666666666
0.0
0.2
0.2
0.0
-0.06666666666666665
-0.6
0.0
-0.05
-0.030000000000000006
0.17857142857142858
0.125
-0.10385487528344672
0.0
-0.08333333333333333
0.018500000000000006
-0.008571428571428579
0.0532312925170068
0.17500000000000002
0.15000000000000002
0.36250000000000004
0.2
0.18645833333333336
0.2625
0.0
0.0
0.0
0.06818181818181818
0.2835164835164835
0.06770833333333334
0.0
-0.35
0.3091836734693878
0.25
0.10000000000000002
0.25
0.14370982552800735
-0.14583333333333331
0.0025000000000000022
0.13749999999999998
0.25
-0.0625
0.0
0.2
0.06547619047619048
0.25
0.018560606060606055
0.0858815426997245
-0.6
0.5
-0.056249999999999994
0.05
0.4581060606060606
0.21875
0.0
0.0
-0.1
0.1
0.175
-0.4348214285714286
0.1875
0.012012987012987014
-0.003512396694214881
0.20126262626262625
0.1772727272727273
0.0
0.3247186147186147
0.0
-0.4
0.0
0.0
0.2041666666666667
-0.2125
-0.16666666666666666
0.13636363636363635
-0.85
-0.25
0.0
0.0
0.0
0.7
0.25
0.0
0.0
-0.125
-0.3
0.0
0.20982142857142855
-0.044444444444444446
0.0
0.21666666666666667
0.0
0.03571428571428571
0.10208333333333335
0.15
0.16666666666666666
0.2
-0.25
0.0
-0.16666666666666666
0.0
0.0
0.0
-0.1875
0.5
0.0
1.0
0.07666666666666667
0.0
0.0
0.07857142857142857
0.20714285714285713
0.15499999999999997
0.016071428571428563
-0.009999999999999992
-0.05
0.13653846153846153
0.25
0.13999999999999999
-0.15
0.049999999999999996
0.050000000000000024
0.21666666666666667
0.00104166666666667
0.04230769230769231
0.0
-0.3
-0.125
0.4625
0.25
0.0
0.1590909090909091
0.02486772486772485
0.0
0.16079545454545457
0.2524621212121212
-0.0263888888888889
0.1
0.07299382716049382
-0.2
0.128125
0.0
0.5
-0.025
0.0
-0.1534090909090909
-0.325
0.16055194805194808
-0.13333333333333333
0.1
0.1
-1.0
-0.25
-0.08188775510204081
-0.008741258741258744
0.019230769230769232
0.0
0.0
-0.13333333333333333
-0.39
-0.03333333333333333
0.125
-0.39166666666666666
-0.05
-0.16666666666666666
0.07743506493506494
0.0
0.125
-0.061904761904761914
