0.0
0.1531
0.2598
0.7964
0.836
0.886
-0.128
0.0
-0.4767
0.7088
0.6369
0.0
-0.2263
-0.5423
-0.4404
-0.34
-0.7579
-0.4404
-0.2732
-0.2732
0.0
0.4019
0.0905
0.2235
0.0
0.2677
0.836
0.7332
-0.4767
0.0
0.4404
-0.6124
-0.5994
0.8115
0.6297
0.8172
0.9673
0.4754
0.0
0.0
0.4945
0.0635
0.0
-0.3182
0.8225
0.4497
0.6913
0.8607
0.9764
0.4199
0.0
0.902
0.9245
0.5719
0.0
0.2579
0.7357
0.0
-0.4678
0.9834
-0.8176
0.9169
0.4767
-0.7904
0.483
0.6705
-0.791
0.4576
0.0
0.7684
-0.6213
0.0
0.0
-0.6673
-0.2819
0.6652
0.0
-0.5904
0.9655
0.9684
0.0
0.836
0.9638
0.6901
0.9204
0.296
0.0
0.4575
-0.8221
-0.4019
0.0
-0.7949
0.9494
0.6808
0.7902
0.4767
0.765
0.9231
0.0
0.8126
-0.5088
0.34
-0.1531
0.8047
0.0516
0.0258
0.7579
0.6915
-0.7717
-0.4767
-0.5994
0.0
-0.3612
0.6234
-0.4404
0.0
-0.6808
0.4767
0.0
-0.6249
0.0
-0.5994
0.0
0.4404
-0.9153
-0.8756
0.8497
0.6808
0.6705
0.7109
-0.25
-0.6956
-0.3103
0.2732
0.0772
-0.5574
0.7543
-0.1272
0.0
-0.6486
0.2235
-0.0516
-0.4939
-0.5286
0.8126
0.7003
0.3612
0.9771
-0.2617
0.7462
0.918
-0.6249
0.0475
0.9658
0.9011
0.7269
0.2732
0.0
0.3612
0.2732
-0.5255
0.0
0.3989
0.0
-0.2263
0.4404
0.0
0.0
-0.4215
0.7335
0.0
0.5719
0.4588
-0.5859
-0.5499
-0.5815
-0.34
0.0
-0.2142
0.0
0.128
0.51
0.4019
0.2263
0.0
0.5719
-0.5255
0.0
0.0
0.0
0.0
0.3818
0.1759
0.0
0.0
-0.0077
0.6588
0.2714
-0.5938
0.2263
0.5423
0.5057
-0.5267
-0.284
-0.1679
0.0
0.9493
0.0
0.4588
0.0
-0.1759
-0.0516
0.5318
0.0
-0.3818
0.8832
0.4588
0.9414
0.9848
0.2144
-0.7941
0.0
-0.0622
-0.7764
0.765
0.0
-0.3987
-0.7269
0.5187
-0.7003
-0.296
0.7003
0.7391
0.7992
0.6655
0.0
0.2023
0.7506
0.9526
0.0
0.9753
0.8689
-0.1027
-0.4019
0.8316
-0.3626
0.9312
0.607
-0.9081
-0.3823
-0.701
0.5255
0.4404
-0.4213
0.3612
0.0
0.5859
0.0
-0.6124
0.0
0.4574
0.0
-0.2023
0.3182
0.3197
0.6249
-0.34
0.6352
-0.8211
-0.8634
0.9467
0.7351
0.4939
-0.4404
0.1476
0.6833
-0.577
-0.0516
0.3172
0.9136
0.9651
0.4767
-0.6249
0.9211
0.3612
-0.3217
0.0
0.0
0.0268
-0.7579
-0.4215
0.0
-0.1779
0.6691
0.8824
0.4767
0.3612
0.4215
0.8126
-0.2732
0.0
0.0
-0.6007
-0.1027
0.0
0.5398
0.7227
0.4019
0.3818
0.0
0.3254
-0.1531
0.6315
0.0
-0.0697
0.3818
-0.4588
0.0
0.4019
0.0
-0.2263
0.5777
0.8047
0.9779
0.9517
0.0
0.7256
0.5719
0.0
0.0
0.0
-0.9184
-0.1027
0.5106
0.0
0.0
0.8625
0.0516
0.0
0.8689
0.0503
0.8807
-0.9764
0.7906
0.6369
0.9274
0.9321
0.8271
0.8952
-0.6956
0.125
0.3182
0.296
0.9568
-0.6486
-0.128
0.5719
0.4404
-0.62
0.2263
0.8079
-0.3067
0.0
0.0
0.3612
-0.3167
-0.2091
0.0
-0.3875
0.9186
0.4477
-0.3412
-0.4588
-0.128
-0.5994
0.4404
0.6901
-0.7269
0.0
0.5028
0.0
0.3182
0.5106
0.5423
-0.2617
-0.3612
0.5789
-0.8575
-0.5927
0.6597
0.0
0.4404
0.0
0.2584
-0.4939
0.7326
-0.7717
0.4019
0.0
-0.5523
0.3182
0.0
0.9319
0.7876
-0.5324
-0.1128
0.9564
0.2235
0.5719
-0.3818
0.0
0.0
0.5837
0.0
0.7238
0.0
0.6124
0.8173
0.3612
-0.1511
0.0
0.0
0.0
0.0
0.2263
0.0
0.0
0.0
0.0
0.0
0.3612
0.8126
0.0
-0.4767
0.3818
0.1027
0.0
0.3384
0.3818
-0.4939
0.3182
0.3612
-0.079
0.0
0.0
-0.636
-0.1779
0.2695
0.3382
0.0
0.0
-0.1027
0.2732
0.0
0.0
0.25
0.0
-0.4926
0.0
0.0
0.0
-0.1984
-0.6996
0.4404
0.9325
0.0
0.0
0.5719
0.6486
-0.631
0.0
0.0572
0.0772
0.0
-0.5864
0.0
-0.2617
0.0
0.4939
0.4061
0.4404
0.0
0.0
-0.5994
-0.9178
0.7269
0.0
-0.5267
0.8462
0.0
0.5994
0.5716
0.4939
-0.636
0.8591
0.3182
0.7654
0.3818
0.6105
-0.4215
0.0
0.7684
0.8232
-0.5009
-0.5423
0.3365
0.3517
0.0
0.802
-0.25
0.8176
0.2883
0.9648
0.6312
-0.0258
0.5812
0.7351
-0.3818
0.0
0.3555
0.1432
-0.6369
-0.6124
0.0
-0.5719
0.893
0.0
-0.4939
0.4101
0.6815
0.5267
0.7096
0.9729
0.0
0.4363
0.9184
-0.2648
0.0
0.4019
0.6663
0.5574
0.0
0.7424
0.3182
0.4404
0.6956
0.0
0.296
0.5412
-0.4767
0.3818
0.6124
0.0
0.5267
0.0
0.0
0.9062
0.6124
0.872
-0.296
0.5267
-0.9013
0.7003
-0.9258
-0.2732
-0.6888
0.0
-0.2928
0.6705
0.642
-0.7178
0.6908
0.7096
-0.128
0.0
0.9839
0.4939
0.2105
0.6369
0.7579
-0.7351
-0.1761
-0.6997
-0.2175
-0.3089
0.4939
0.0
0.1063
0.3818
-0.2263
-0.3818
-0.296
-0.6597
0.7184
0.4404
-0.9002
-0.4556
0.5522
0.4588
0.6808
0.4322
-0.4019
-0.2023
0.9756
0.0
0.0
0.9186
0.2196
0.581
-0.7351
0.1877
0.4404
-0.6448
0.631
0.6534
-0.7717
0.8225
0.0
0.4404
-0.2083
0.3612
0.9485
0.4215
-0.8462
0.4389
-0.296
0.7224
0.0
0.0
0.508
0.281
0.0
0.0
-0.34
0.4767
0.7436
0.0
0.0
-0.1045
0.4215
0.0
-0.2263
0.0258
-0.0772
0.0258
0.0
0.5672
-0.0772
0.9361
0.4939
0.7649
0.0
-0.25
0.0772
-0.0107
0.4019
0.0
0.4767
0.2158
0.4215
0.7845
0.9402
0.6293
0.9014
0.9364
-0.0098
0.1027
0.2732
0.8807
0.6808
0.8689
0.685
0.0258
0.2023
0.1129
0.4019
0.8977
0.9062
0.6728
0.8977
0.2263
0.0
0.0
0.6808
0.0
0.0
0.743
0.8908
0.6486
0.34
0.0
0.8807
0.7143
0.0
-0.4215
-0.25
0.7241
0.3105
-0.4215
0.2062
-0.2732
-0.1901
-0.0772
0.0
0.0
0.872
0.0
-0.4199
-0.25
0.4596
0.0
0.0493
0.1531
0.8246
0.8807
0.4939
-0.0276
0.3004
0.9279
0.7693
-0.7579
-0.25
-0.9798
-0.7648
-0.5994
0.34
0.4939
0.2732
0.1901
0.8176
0.735
-0.4585
0.0
0.899
0.1027
0.8176
-0.6124
0.802
0.0
0.4019
0.5106
0.7783
-0.354
0.8887
-0.2732
0.6486
0.5411
0.0
0.0
0.0
0.4588
0.2584
-0.6369
0.9458
0.4767
-0.1748
0.9443
-0.296
0.0
0.0
0.0
0.0
-0.0772
-0.7351
0.8161
0.7494
-0.9555
-0.0772
-0.9403
0.705
0.5829
0.4939
0.0
0.9477
0.9289
-0.2023
0.5537
0.8507
0.5413
-0.8541
0.34
-0.7009
0.7409
0.8957
0.0
0.8683
0.7064
0.1053
0.0
0.3818
-0.6486
-0.7964
0.5073
0.7579
0.7506
0.7717
0.6875
0.9798
0.4404
0.8777
0.4019
-0.7506
0.0
0.25
-0.1655
0.8728
0.212
0.7783
-0.25
0.0
0.802
0.0
0.8519
-0.4767
-0.4084
0.8519
0.4419
0.9705
0.6841
0.7871
-0.4055
0.9236
-0.1139
-0.296
0.8974
0.0772
0.8074
0.7613
0.4922
0.1779
0.5927
-0.5994
-0.3164
0.6597
-0.631
0.6808
0.0
0.8217
0.9642
0.4939
0.4404
0.7902
0.8807
0.6808
0.0
0.2782
-0.296
0.0
0.7037
0.8676
0.9671
0.0
0.078
-0.6369
-0.0772
0.8121
0.721
0.7964
0.0
0.9657
0.8573
0.5719
0.9098
0.9485
0.9506
-0.2896
0.8555
0.9673
0.8593
0.8997
-0.2263
-0.4215
0.0
-0.4215
0.0
0.0
0.9845
0.9885
0.3612
-0.2144
0.8196
0.8163
0.9873
0.9571
0.9867
0.891
-0.3182
0.34
0.8807
0.7579
0.3093
-0.6187
0.9383
0.4767
-0.7351
0.0
0.2732
0.4753
0.0
0.3382
0.7003
-0.0338
0.3612
0.5884
0.1655
0.0
0.0
0.0
0.25
-0.3535
0.9336
0.5499
0.4019
0.5719
0.3802
-0.34
0.1531
-0.7184
0.0516
0.0
0.5423
0.4588
-0.296
0.3612
0.7263
0.9571
-0.3875
-0.1511
0.6808
0.5994
0.6124
0.8689
0.7351
-0.6908
-0.2617
0.4215
-0.4215
0.836
0.6124
0.7906
0.5207
-0.3818
0.8364
0.6486
0.4215
0.2617
-0.1779
-0.1272
0.5719
0.7878
-0.3612
0.8687
0.0
0.5719
0.5994
-0.5994
-0.5859
-0.1531
0.3595
0.0
-0.25
0.9645
-0.7191
0.8868
0.4843
-0.1531
0.0
-0.6239
0.0
0.0
0.34
0.3561
-0.4215
0.2382
0.9622
0.7501
0.2732
0.34
0.0
0.0
0.0
0.664
-0.4215
0.0
0.4902
0.3182
-0.6808
-0.4588
0.0
-0.4439
0.0
0.7579
0.0
0.0
0.0
-0.4215
-0.2598
0.0
0.3374
0.0
0.6249
0.6597
0.0
0.0
0.7783
0.9682
0.5224
0.6486
0.2755
0.8126
0.674
-0.136
0.0516
0.4019
0.8625
0.765
0.0534
-0.2263
0.5267
0.8761
0.9528
0.7184
-0.52
-0.5859
0.9598
-0.5994
-0.1901
0.9316
-0.4585
-0.0129
0.34
0.8922
-0.2263
0.7351
-0.3446
0.3612
0.5719
0.8748
0.4404
0.0
-0.6258
0.0
-0.3147
0.6361
0.765
0.7783
0.4215
0.9799
0.0
0.7548
0.6124
0.7564
0.8275
0.9062
0.34
0.6597
0.9364
0.3384
0.5411
0.0
0.0
0.0
0.0
-0.7096
-0.9531
0.0276
-0.4389
0.0
-0.2942
-0.6908
0.2732
-0.9765
-0.3818
0.4939
-0.484
-0.2481
0.0
-0.4019
0.4926
-0.5423
0.4588
0.8591
0.9164
-0.4023
0.0
0.4144
0.4404
0.2732
0.0
0.4199
0.7246
0.3926
0.0
0.0
0.0
0.1263
0.0
0.0387
0.0
0.0
-0.6908
0.4284
0.7591
0.6394
-0.5822
-0.3612
0.3817
0.0
-0.0005
0.0387
0.0
0.0
0.2846
0.4767
0.3612
-0.6581
0.5267
0.4404
0.3612
0.0
0.9186
0.8981
-0.2057
0.0
0.8442
0.128
0.4854
0.1779
0.3612
0.8885
0.0
0.0
0.8991
0.34
0.0
0.784
0.0
0.8074
0.0
0.3612
-0.9042
0.7834
0.2582
0.7391
0.0
0.4404
0.9083
-0.1531
-0.4767
-0.0516
0.5346
0.6833
0.2023
0.7269
0.9729
-0.2263
0.659
0.8739
0.0
0.6597
-0.0141
0.9119
0.8481
0.8029
0.9081
0.9509
0.9349
0.8159
0.5859
0.6249
0.6369
0.9612
0.8625
0.0
0.8957
0.895
0.8553
0.9593
-0.872
-0.7959
0.6369
0.5859
0.3612
0.0
0.9081
0.6705
-0.4497
0.5267
0.0
0.0
-0.5859
0.5413
-0.6894
0.0
0.0
0.0
0.2263
0.0
0.0
0.0
0.5574
0.0
0.8594
0.0
-0.1779
-0.4599
0.0
0.5267
0.4588
-0.0924
0.624
0.7351
-0.5423
0.1118
0.5434
0.0
-0.1658
0.7003
0.0954
0.0
0.3468
0.4576
0.0772
-0.8409
0.0
0.5267
-0.4215
0.9493
-0.631
0.8222
-0.6718
-0.6232
-0.25
0.0
-0.25
0.0
-0.802
0.3346
0.5423
0.6908
0.128
0.7579
0.9723
0.0
-0.4939
-0.1531
0.9174
-0.0552
0.0
0.4939
0.0516
-0.7269
-0.6249
0.4404
-0.34
0.0
-0.4019
0.9377
0.2732
0.9077
0.2732
0.9022
0.1321
-0.955
-0.0018
-0.6129
0.0
-0.1779
0.9809
0.3818
0.3818
0.7783
0.4939
-0.296
-0.5574
0.0
0.7304
0.34
0.9797
0.9193
-0.481
-0.2006
0.1326
0.8957
0.0
0.0
-0.4398
0.6369
0.8261
0.9149
0.9802
0.3506
0.6486
-0.037
0.0
0.9288
0.7447
0.5792
0.8954
-0.1556
0.6808
0.8932
0.4019
0.0
0.9042
0.7096
-0.0601
0.8834
0.4019
0.5267
0.0772
0.0
0.6369
-0.0875
-0.0258
0.0
0.3612
0.4767
0.5941
0.4779
0.1779
-0.357
0.802
-0.0258
0.1374
0.0
0.8126
0.6369
0.3612
0.0
-0.6863
-0.0772
0.0
0.6527
0.9117
0.7111
-0.7765
0.3182
-0.1336
0.4939
0.34
0.8625
0.0
-0.8847
0.4685
0.6428
0.8625
0.1027
0.7887
0.1655
0.8395
-0.9453
0.4381
0.3691
0.8555
0.7845
0.0
0.0
0.0
0.9239
-0.3504
0.93
0.822
0.8201
0.1121
0.8807
0.8977
0.3802
0.4597
-0.6476
0.9287
0.8768
0.9881
0.8442
0.5574
0.1406
0.6915
0.6022
0.5574
0.9382
0.9298
0.5859
0.961
0.5859
0.6933
0.7424
0.9378
0.9149
0.4215
-0.643
0.8845
0.7096
0.765
0.6705
0.9125
0.0
0.8655
-0.2057
0.7957
0.0
0.3472
0.9403
0.0
0.7594
-0.748
0.9191
0.3612
0.6369
0.9274
0.8176
0.9239
0.2023
-0.1779
0.0
0.0
-0.0772
0.0
0.0
0.4404
0.2023
0.0
0.0
0.0
0.0
0.0
0.5719
-0.1896
0.0
0.6124
0.4767
-0.5106
0.659
0.3612
0.0
0.0
-0.0516
0.4019
0.4767
0.3919
0.0679
0.1779
0.2286
0.8561
0.7227
-0.6124
0.0
0.1531
0.0
-0.7032
0.1722
0.9186
0.0
-0.25
0.2258
-0.0754
0.9841
0.8552
0.7717
0.0
0.3384
0.0
0.2924
0.8469
0.3375
-0.34
0.8427
0.872
0.0088
0.0
0.0
0.9098
0.0
0.4404
0.0
-0.6381
0.6486
0.8149
0.6597
0.8402
0.0
-0.1531
-0.2748
0.4653
0.7884
-0.296
0.8997
0.5719
0.5911
0.0
0.0
0.8147
-0.0258
0.0
0.9334
0.0
0.0
0.2598
-0.3007
-0.0772
0.9246
0.0
0.1779
-0.7725
0.3612
-0.5727
0.9095
0.0031
-0.4939
0.6369
0.9215
0.5859
-0.4215
0.4767
0.4767
0.0
0.0
0.7184
-0.2263
-0.4228
0.8353
0.4767
0.4019
0.128
0.8458
0.0
0.3612
0.4588
0.8495
0.2716
0.7351
0.0
0.743
-0.2846
0.296
-0.0941
-0.6383
-0.5423
0.0
0.8883
-0.3612
0.6124
0.6908
0.6486
0.0
0.7096
0.765
0.0
-0.884
0.0
0.5859
0.3612
0.5129
0.5859
0.3612
0.0
0.0
0.4404
0.0
-0.25
0.8357
0.0
0.2732
-0.5423
0.4588
0.0
0.5859
0.0
0.3593
0.4003
0.69
0.2732
-0.4767
0.4019
0.0
0.0
0.0
0.7469
0.9081
0.0
0.0
0.0
0.5719
0.0
0.4588
0.0
0.5106
0.3832
0.5346
0.0
0.3182
0.0
0.0
-0.8807
0.0516
0.0
0.4512
0.3291
-0.3501
0.0
0.0
0.3802
0.3612
-0.2755
0.0
0.875
-0.4201
-0.3182
0.5129
0.0
-0.6275
0.7961
-0.7842
0.1779
-0.4215
0.6486
0.9269
0.892
0.3612
0.2263
-0.4939
0.9648
0.9083
0.9438
0.8519
0.9652
0.9674
0.9291
-0.4497
0.1027
0.7906
0.7096
0.8789
-0.4767
0.0759
0.533
0.8271
-0.0258
-0.0772
0.6124
0.2263
0.2023
-0.3182
0.6486
0.7096
0.0
0.5423
0.4588
0.8118
-0.1027
-0.2617
0.5187
0.8991
0.8339
0.4404
0.7536
0.9451
0.0514
-0.765
-0.296
0.7518
0.4389
-0.5927
0.0
-0.2263
-0.3182
0.7184
-0.5584
0.3197
0.9743
-0.6705
0.6486
0.7717
-0.6808
-0.5106
0.3612
0.892
0.8622
0.9467
0.25
0.0
0.0
-0.2263
0.2819
0.0
0.0
-0.0258
0.0
0.0
-0.34
0.967
0.0
-0.6652
-0.705
-0.744
-0.2023
-0.3182
0.9001
0.9481
0.8316
0.7351
-0.7506
0.0
-0.9555
-0.547
-0.5719
-0.1027
0.6956
0.7565
-0.4215
-0.7579
0.0
-0.1901
0.0
0.0
0.34
-0.3612
-0.2316
-0.7227
-0.3818
0.6872
0.6705
0.296
0.1781
-0.6282
0.7861
0.3291
0.9674
0.7906
-0.0516
0.1531
0.9579
-0.5046
-0.827
-0.6597
0.4963
-0.7461
-0.7646
-0.8591
-0.4215
-0.6597
-0.6858
0.7939
0.0
-0.8521
0.0
-0.6621
0.8459
0.0
0.0
0.0
0.4939
0.0
-0.5789
0.0
0.0
0.0
0.6789
0.3384
0.5774
0.3164
0.1779
0.7556
-0.2006
0.2023
0.0
0.3724
-0.0909
-0.34
-0.34
-0.3612
-0.4784
0.0516
-0.4168
-0.4767
-0.6798
0.0
0.6486
-0.5859
0.5859
-0.2682
0.34
0.3612
-0.1154
0.9217
-0.8834
0.0
0.6597
0.6124
0.0
0.0
-0.3818
0.1027
0.0
0.0
0.3818
0.0
0.0
0.4404
0.0813
-0.1945
0.0
0.4404
0.9822
-0.5994
0.5229
0.3612
-0.2121
0.5592
0.5574
0.2751
0.7717
-0.7481
0.9217
0.4588
0.6249
-0.5719
-0.8398
0.9334
0.4404
-0.7533
-0.9697
0.8047
-0.7349
-0.4195
-0.722
0.8743
-0.7269
-0.8233
0.0
-0.3612
0.25
-0.3182
0.4585
-0.3736
0.7003
-0.5267
0.4607
0.7326
0.296
-0.9046
-0.2156
0.1531
0.741
0.4019
0.6124
0.0
-0.4215
0.2263
0.0
0.5106
-0.6486
-0.0665
0.5023
0.4767
0.1599
0.8795
0.0
0.25
0.1315
0.0
0.4019
0.3818
0.7972
-0.2225
0.7251
0.0
0.9623
0.4939
0.4559
0.4767
0.8718
0.6095
0.0
-0.2263
-0.5106
0.3818
0.0
0.0
0.1139
-0.5849
0.0
0.4927
0.4767
0.4215
0.8225
-0.749
0.3491
0.8519
-0.7966
0.8402
-0.046
0.1027
0.9161
-0.2263
-0.7184
0.0
-0.296
-0.1027
0.6705
-0.0
0.9375
0.2942
0.7935
0.8602
0.0387
-0.3578
0.3612
0.0772
0.9857
0.8834
0.8442
0.4634
-0.25
-0.9505
0.9827
-0.9515
0.0
-0.128
0.7086
0.4389
0.836
0.7339
0.2617
0.9154
0.9552
-0.2263
-0.1765
-0.2363
-0.4215
-0.9517
-0.3246
0.9151
0.7799
0.7357
0.9709
0.977
-0.9102
0.47
0.7481
0.4139
0.4215
0.6249
0.9022
0.9485
0.9869
0.7964
0.7269
0.7717
-0.5719
0.8484
0.128
-0.6866
0.088
0.2477
0.0
-0.7506
0.0516
0.0
0.2263
0.6908
-0.7351
0.8957
-0.2732
0.7086
0.0
0.9051
0.7211
0.4757
0.8625
-0.5719
0.4215
0.0
0.8134
0.9231
0.7351
0.8836
0.9464
-0.296
-0.802
-0.3758
-0.6256
0.7884
0.9951
0.8074
0.4057
0.4404
0.8801
0.9824
0.3919
0.9612
0.4019
0.9689
-0.891
0.9525
0.7191
-0.8543
-0.5267
-0.5784
-0.0056
-0.3818
0.0
-0.4767
0.0
-0.596
-0.3079
0.886
0.6892
-0.3818
0.4588
0.8435
0.2263
0.9466
0.8821
0.4215
0.7196
0.9117
0.9845
-0.5559
0.7845
-0.2755
0.4215
0.4404
0.9134
0.7772
0.6597
0.6351
-0.8671
-0.8658
0.4854
0.128
0.5499
0.4215
0.3055
0.4215
0.9161
0.5719
0.6808
0.0
0.4019
0.5574
0.0
0.6597
-0.09
0.886
0.0258
0.9542
0.0018
-0.7351
0.7506
-0.7506
-0.743
0.9201
-0.4767
0.835
0.9248
0.9136
0.3182
0.0
0.6808
-0.5106
-0.4657
0.0
0.9895
-0.4789
0.9806
0.9612
-0.6786
0.2238
-0.2023
0.0
-0.2561
0.867
-0.8807
0.34
0.5168
0.0
0.6124
0.0
0.7152
-0.6436
0.8381
0.8625
0.8299
0.8225
0.7351
-0.4767
0.0
0.6395
0.5499
0.5267
-0.6615
-0.6486
0.631
0.8225
0.0
0.9493
-0.3468
0.0
0.0
0.5208
0.9413
0.829
0.3612
0.9186
0.0
0.937
-0.3724
-0.34
0.8591
0.886
0.8126
0.4939
0.0772
0.4939
0.7263
0.4404
-0.2498
0.0
0.0
0.4215
-0.1531
-0.3919
0.4588
-0.2263
0.8074
0.7902
0.4215
0.7391
0.0754
0.7579
0.4019
0.3802
0.8588
0.2263
-0.1139
0.0
0.8255
-0.8195
0.0
0.0
0.1779
0.0
0.3182
-0.3182
0.0
0.0
0.4003
0.0
0.0
0.6908
0.6666
0.7051
0.4263
0.0
0.4939
0.3612
-0.3252
0.0
0.3612
0.8042
0.5423
0.2732
0.2176
0.7854
0.0
-0.25
0.8934
0.3384
0.3595
0.0
0.0
0.9719
0.0
0.0
0.0
0.0
-0.8197
0.0
0.8879
0.923
0.7264
0.0
-0.5487
0.2565
0.6504
0.6415
0.8016
0.0
0.0
0.5719
0.6281
0.0
0.0
0.1134
-0.5563
-0.4215
0.7627
-0.5106
-0.2732
-0.4215
-0.3252
0.7684
-0.296
0.0772
0.2023
-0.9845
-0.0258
-0.126
0.7003
0.0626
0.0
0.4926
0.5859
-0.9016
0.9444
-0.7766
0.1531
0.6792
0.0
-0.1531
0.5777
0.3116
-0.4478
0.3612
0.0854
0.2382
-0.5267
0.8221
0.4019
0.0
0.0
0.0
0.0
-0.25
0.4404
0.4215
0.5697
0.0772
0.3412
0.7406
0.945
0.0
0.0387
-0.9462
0.7684
0.5994
0.8714
0.8013
0.8779
-0.7634
0.2249
-0.2263
0.0
0.0
0.9501
-0.749
0.0
0.7453
-0.296
0.1556
0.2732
-0.5927
0.4943
0.8807
-0.6486
-0.296
0.68
0.0
0.846
-0.5994
0.4019
0.5849
0.7954
0.0
0.9153
-0.3222
0.9765
0.9425
0.9664
0.0
0.8894
0.8316
0.8069
-0.4019
-0.631
0.6369
0.6666
0.4588
0.8271
-0.7512
0.3724
0.9052
0.0
0.903
0.797
-0.2263
0.0
-0.25
0.3612
0.6044
-0.4404
0.0
-0.0516
-0.4019
0.5093
0.5719
0.0
0.4773
0.4767
-0.3774
0.3612
0.8479
0.0
-0.296
-0.4019
-0.5544
0.9336
0.9531
-0.0225
0.0
0.0
0.6597
-0.774
0.4767
-0.2732
-0.1779
0.9888
0.9827
-0.4303
0.892
0.6249
-0.3797
-0.4019
0.4356
-0.7351
0.7469
0.4404
-0.6796
0.7236
-0.3612
0.0
0.0232
0.7086
0.8225
-0.2755
-0.4939
0.0
0.8885
-0.128
0.6745
-0.8316
0.68
0.0
0.8591
0.6808
0.7906
0.0
0.0
-0.3678
0.0772
0.0
-0.0772
0.0
0.4215
-0.6428
0.0
0.4215
0.0
0.128
0.5859
0.6369
0.4404
0.502
-0.6495
0.0
0.0258
-0.3182
0.0
-0.2223
0.0
-0.2648
-0.6808
0.1823
-0.9762
-0.1835
0.6486
-0.5106
0.0
0.8728
-0.3506
0.8555
0.4939
0.4019
0.4215
0.5312
0.8625
0.0
-0.9401
-0.5859
0.6072
0.3818
0.0
0.0382
-0.1027
0.3612
-0.6761
0.0
-0.3818
0.3802
0.8176
0.8625
0.0
-0.7229
0.0
0.0
0.5267
-0.5106
0.4199
0.0
0.0
0.7579
0.763
0.4091
-0.8016
0.5104
0.0567
0.0
0.8745
0.9532
0.7413
0.34
-0.2722
-0.7061
-0.4588
0.34
0.296
0.25
-0.5255
-0.4215
0.7506
0.8338
0.0
0.7419
-0.6652
-0.4215
-0.7841
0.0516
0.3818
-0.631
-0.2382
-0.1531
-0.5267
-0.8777
0.0
0.0
-0.8765
0.257
-0.6486
0.0
-0.3956
-0.1366
-0.5859
-0.4939
-0.3291
-0.9323
-0.5859
0.0
0.3182
0.0
0.7402
0.7717
0.0
0.0
0.0
-0.6682
0.2732
0.0
0.0
-0.25
0.7722
0.0
0.0
0.2944
0.0
0.0
0.3252
-0.4199
-0.2023
0.8807
0.9137
0.9857
0.8402
0.9052
-0.296
0.5423
0.1059
0.8217
0.93
0.8442
-0.3612
0.0
0.25
-0.8271
0.0
-0.1002
0.3291
0.9231
0.0
0.5499
0.0
0.0
0.0
0.34
0.1154
-0.4767
0.3612
0.5563
0.0
-0.4767
0.6808
0.6369
0.9509
-0.624
0.6249
0.0
-0.8674
0.0
0.0
0.0
0.0
0.0
0.0
0.802
0.4939
0.2406
-0.1779
0.0
0.0
0.7876
0.9482
-0.1431
0.0516
0.5994
0.4215
0.3612
0.8978
0.6983
-0.5994
0.0
0.3612
0.6249
0.9928
0.8151
-0.0
-0.34
0.8934
0.8625
0.6808
0.4951
0.9754
0.5574
0.8973
0.4404
0.0
0.0
0.0
0.0
0.631
0.0
0.743
0.9468
-0.8172
0.0
0.4404
-0.126
0.9381
0.4753
0.0
0.4019
-0.1548
-0.1695
0.0
-0.807
0.7263
0.8625
-0.1174
0.9062
0.8549
0.6705
0.9011
-0.5255
-0.5696
0.4182
0.0
0.4588
-0.4939
0.0
0.0
-0.6597
0.1476
0.0
0.0
0.0
-0.0258
-0.2411
0.296
0.0
0.6239
0.0734
0.0
0.8834
0.9313
0.7269
0.5719
0.0
0.0
0.6249
0.5106
-0.5106
0.6369
0.4939
0.8316
-0.1531
0.0
0.0
0.0
-0.5916
0.4404
0.4939
0.7684
0.5862
-0.3182
0.0
0.8402
-0.7275
0.6428
0.5913
-0.836
0.6369
0.7906
0.0
0.4404
-0.5574
0.4588
0.9231
0.2732
0.1779
0.7579
0.0
-0.7096
0.7717
0.8979
0.8402
0.0
-0.0772
0.6705
0.0516
0.7178
0.9711
0.9233
0.1027
0.7845
-0.2732
0.3374
0.0
0.8316
-0.0382
0.0
-0.6454
-0.1361
-0.6206
0.1007
0.0
0.0516
-0.5093
-0.6183
0.6597
0.7351
0.7351
0.5499
0.0
-0.2846
-0.296
0.8176
0.4019
-0.8511
-0.1027
0.0
0.4877
-0.296
0.3612
0.0516
