0.025
0.09444444444444444
0.016666666666666677
0.0
0.14375000000000002
0.25
0.30000000000000004
0.0
0.1
0.15
0.0
0.0
0.21428571428571427
0.4
-0.07777777777777778
-0.05500000000000001
0.5
0.35
0.15666666666666665
0.0
0.0
-0.2
0.19999999999999998
0.019999999999999997
0.375
-0.30000000000000004
0.0
-0.1
-0.175
0.0
0.09204545454545454
0.16221590909090908
0.5
0.24
-0.5
0.10493827160493825
0.09999999999999999
-0.024999999999999994
0.49333333333333335
-0.020833333333333325
0.25
-0.09107142857142857
0.0
-0.016666666666666666
0.0
0.1375
-0.17500000000000002
0.0
0.06523809523809525
0.0
0.15833333333333333
0.16327160493827161
-0.06770833333333334
-0.008333333333333331
0.07440476190476189
0.07361111111111111
-0.07852132435465768
0.007128906249999997
-0.00046296296296297637
-0.21666666666666667
0.0
-0.13968253968253969
0.034375
0.20063131313131316
0.07578571428571429
0.25
0.0
-0.025
-0.1875
0.02662337662337661
0.31534090909090906
0.0
-0.1875
0.08437499999999998
-0.06964285714285715
0.15
0.2503367003367003
0.3722222222222222
0.03333333333333333
0.6
0.16785714285714287
0.08541666666666667
-0.011250000000000005
-0.0625
0.25
0.04476190476190476
0.08852272727272728
0.21944444444444447
0.2333333333333333
0.0
0.07714285714285714
0.20725108225108224
0.0
0.01666666666666668
-0.012500000000000016
0.10138888888888888
0.15
0.07142857142857142
0.15312499999999998
0.7333333333333334
0.016666666666666666
0.625
0.07333333333333333
0.0
0.009259259259259264
0.375
-0.06666666666666667
0.7
-0.03125
0.3979166666666667
0.0
0.0
-0.075
0.13541666666666666
-0.05500000000000001
0.3428571428571429
0.0
0.0
-0.1
0.14788359788359787
-0.16666666666666666
0.0
-0.1947916666666667
0.033333333333333354
0.0
0.0
0.0
0.6
-0.04166666666666666
0.0
-0.15
0.0
0.3981481481481482
0.13333333333333333
0.0
0.1
0.04814814814814814
0.020000000000000018
0.0
-0.13333333333333333
0.135
0.13055555555555556
0.20833333333333334
0.019791666666666666
0.5
0.6
0.0
0.15499999999999997
-0.018750000000000003
0.2
0.2833333333333333
0.128125
0.0
0.39572916666666674
0.375
0.09375
0.0
0.2
0.0
0.32916666666666666
0.0
0.0
0.7
0.0
0.0
0.125
0.10416666666666669
0.35
0.45
0.2916666666666667
0.2
0.1
0.196875
-0.23333333333333334
0.0
0.35
-0.5
0.0
-0.08571428571428572
0.02250000000000001
0.5
-0.125
-0.025
-0.05395899470899471
0.012499999999999983
0.0
0.0
0.20000000000000004
0.0
-0.25166666666666665
-0.12013888888888889
0.4222222222222222
0.5
0.2875
0.17777777777777778
0.375
-0.07777777777777778
0.07532467532467532
0.07222222222222223
0.0683641975308642
0.2222222222222222
0.09375
0.0
0.0
0.0062500000000000056
0.049206349206349205
0.25666666666666665
0.2791666666666667
-0.15555555555555556
-0.2916666666666667
0.1416666666666667
0.0
-0.11388888888888889
0.04549319727891157
0.21428571428571427
0.06666666666666667
0.7
0.3
0.2
0.35
0.0
0.0
-0.022222222222222216
0.11833333333333333
0.007142857142857131
-0.35555555555555557
0.1
0.0
0.0
0.25
0.0
0.0
0.0
0.5833333333333334
0.2857142857142857
0.5
0.5
-0.07777777777777778
0.21666666666666667
0.0
0.0
0.0
-0.11833333333333336
0.4
0.0
0.0
-0.7
0.2119047619047619
-0.17687074829931973
-0.26
-0.7
0.07499999999999998
-0.3
0.0
0.01701388888888888
0.0
0.0062500000000000056
0.0
0.0
-0.6
0.0
0.09999999999999998
0.0
0.0
-0.10000000000000002
0.2186363636363636
0.0
0.15952380952380957
-0.11000000000000001
0.0888888888888889
0.1464285714285714
0.725
0.16666666666666669
0.16071428571428573
0.45
0.0
0.025
0.8
0.020833333333333356
0.10888888888888888
0.2833333333333334
0.12333333333333334
0.11666666666666665
-0.036111111111111115
0.04814814814814814
0.2
-0.16666666666666666
1.0
0.16381493506493505
-0.16
0.25
0.0
0.21203703703703705
0.22777777777777777
0.007142857142857153
0.01875
0.2125
-0.10773809523809524
0.11666666666666665
0.11666666666666665
-0.2
0.26607142857142857
0.375
-0.4
0.0
0.175
0.0
-0.13888888888888887
0.0
0.0
-0.3
0.8
0.0
0.0
-0.3125
0.0
-0.125
0.0
0.05
-0.004365079365079373
0.05000000000000001
0.0
0.0
-0.07777777777777778
-0.19999999999999998
0.0
0.34062499999999996
0.044444444444444446
0.11153846153846153
0.0
-0.10022321428571429
0.08439898989898989
-0.20092592592592595
0.019999999999999997
-0.012499999999999997
0.11095238095238094
0.19916666666666666
0.0
-0.012327416173570018
0.1
-0.1875
0.047500000000000014
0.45499999999999996
0.06874999999999999
-0.06540404040404041
0.0
-0.071875
0.032
0.06499999999999999
0.0
-0.03729166666666669
0.039772727272727265
0.7
-0.03952380952380953
-0.25
0.28409090909090906
0.04374999999999998
0.5
0.025000000000000005
0.2800000000000001
0.017499999999999995
0.4
-0.03750000000000002
0.13183673469387755
-0.0059523809523809494
0.3166666666666667
0.25
-0.25
0.3
0.04999999999999999
-0.1875
-0.3
-0.1
0.0
0.0
0.1
-0.395
0.0
0.0
-0.27499999999999997
0.0
0.0
-0.125
0.14999999999999997
0.7
0.5
0.0
-0.05
0.0
0.0
-0.2
-0.203125
0.0
0.0
0.0
0.0
0.0
0.0
0.18
0.03541666666666665
0.0
-0.041666666666666664
-0.025
0.0
0.78
0.0
0.0
0.03214285714285714
-0.024242424242424235
-0.05
0.16249999999999998
-0.0062500000000000056
-0.11805555555555554
0.1
0.0
0.24791666666666667
0.0
0.22777777777777777
0.266504329004329
0.0
0.20833333333333334
-0.35714285714285715
0.5
0.0
0.08854166666666667
0.11354166666666665
0.15625
0.16399572649572647
0.15000000000000002
0.3
0.11724537037037037
0.05406746031746031
0.12988095238095237
0.08163082437275988
-0.11666666666666665
0.2916666666666667
0.0
0.02875
0.06166666666666667
-0.027777777777777762
-0.00844356261022928
0.056666666666666664
0.0
0.10952380952380952
0.0
0.28750000000000003
0.23154761904761903
0.0
-0.10000000000000002
-0.008333333333333331
0.1767857142857143
0.2
0.13555555555555554
0.034523809523809526
0.08333333333333334
0.04999999999999999
0.75
0.2388888888888889
-0.008333333333333331
0.1484375
-0.012499999999999999
0.13333333333333333
0.31388888888888894
0.3075
0.19166666666666668
0.0068681318681318715
0.07083333333333335
0.09333333333333332
0.0
0.13333333333333333
0.0
0.2
-0.09375
0.0
-0.6999999999999998
-0.00625
0.0
0.06428571428571427
-0.075
0.04940476190476192
0.25416666666666665
-0.0625
0.13541666666666666
-0.15625
0.08229166666666668
0.0
0.0
-0.07295918367346939
0.22407407407407406
0.0
0.0
-0.023376623376623377
0.07878787878787878
-0.1075
0.0
-0.15
-0.2
0.18734567901234567
0.09349206349206347
0.18095238095238095
0.25
0.13333333333333333
0.16085858585858584
0.0
0.0062500000000000056
-0.1
0.0
0.084375
0.0
0.08301587301587302
0.0
-0.2
0.08687499999999998
0.0
0.0
0.0
0.0
0.09375
0.13636363636363635
0.45
0.08333333333333333
0.25
0.0
0.28409090909090906
-0.009259259259259259
0.042857142857142864
0.375
0.15
0.0
0.06266233766233766
0.125
0.0
0.0
0.0
-0.09375
0.0
0.09642857142857143
0.2
0.18125
0.0
-0.25
0.049999999999999996
0.475
0.0
-0.26666666666666666
0.4666666666666666
0.0
0.0
0.25
-0.125
0.05
0.0
0.0
0.6499999999999999
0.15
0.14739583333333334
0.21818181818181817
1.0
0.5333333333333333
0.0
-0.09333333333333334
-0.4
-0.6666666666666666
-0.08083333333333334
0.0
0.0
0.22916666666666666
0.24999999999999997
0.0
0.0
-0.1875
0.0
0.8
-0.25
-0.8
-0.08
-0.375
0.0
0.25
0.08750000000000001
0.0
0.12433862433862435
0.0
-0.05000000000000002
0.0
-0.1074074074074074
0.20222222222222222
0.0
0.08779761904761903
0.07936507936507936
0.38246753246753246
-0.045555555555555544
0.17500000000000002
-0.09999999999999999
0.1
0.2833333333333333
-0.175
0.10496527777777778
0.1078125
-0.05000000000000001
-0.16666666666666666
0.1716666666666667
0.05185185185185184
0.0
0.08142857142857143
0.1766666666666667
0.012500000000000004
0.4
0.21212121212121213
0.15
-0.023214285714285715
0.03796296296296296
-0.15357142857142858
0.26666666666666666
0.246875
-0.020238095238095243
0.15499999999999997
0.014285714285714282
0.3714285714285714
-0.01666666666666668
-0.21666666666666667
0.0
-0.05
0.011111111111111113
-0.31851851851851853
-1.0
0.25833333333333336
0.0
0.0
-0.016666666666666666
0.11488095238095238
0.3
0.10416666666666667
0.17222222222222222
-0.15
0.0
0.30486111111111114
0.3
0.0
0.12500000000000003
-0.2
0.0
0.12575757575757576
0.4055555555555556
0.15000000000000002
0.0
-0.4833333333333332
0.3
0.22499999999999998
0.3
-0.012499999999999997
0.20000000000000004
0.20714285714285713
-0.04999999999999999
-0.05555555555555556
-0.3208333333333333
0.08124999999999999
-0.125
-0.25
0.7
0.35
-0.11590909090909092
0.0
0.0375
0.5
0.0
-0.11574074074074076
0.24166666666666667
-0.08273809523809524
-0.008333333333333331
-0.0319047619047619
0.12222222222222223
0.0
0.17142857142857146
0.09166666666666667
0.5272727272727272
0.3888888888888889
0.21443452380952382
0.20625
0.1255952380952381
0.0
0.23749999999999996
0.7
0.6
-0.75
-0.16666666666666666
-0.4125
0.44999999999999996
0.2
-0.08009259259259259
0.0
0.0
0.0
0.0
0.3333333333333333
-0.1875
0.6333333333333333
-0.1
0.0
0.0
-0.05
0.0
-0.007314285714285709
-0.7
0.2
0.0
-0.6
0.0
0.0
-0.20833333333333334
0.0
0.353125
0.0
0.5666666666666668
0.0
0.1490909090909091
0.028787878787878782
0.4
0.0
-0.1875
0.0
0.0
0.0
0.0
1.0
0.1
-0.11666666666666667
-0.052976190476190475
0.19274691358024693
0.3103571428571429
0.35714285714285715
0.2619047619047619
0.09166666666666667
0.19999999999999998
-0.125
0.03333333333333333
0.0
0.0
0.0
0.0
-0.14166666666666666
0.21428571428571427
0.125
0.2452020202020202
-0.003333333333333327
0.0
0.0
0.09555555555555555
0.09027777777777778
0.0
-0.09722222222222222
0.0
0.1
-0.2125
0.06944444444444445
0.0
0.0
0.14999999999999997
0.1
-0.4
0.7000000000000001
0.26948051948051943
0.0
0.0
0.3958333333333333
-0.125
0.35
-0.1875
0.0
0.11442857142857146
-0.19285714285714284
0.0
0.30714285714285716
0.0
-0.020238095238095246
0.03333333333333335
0.2333333333333333
0.0
0.3
-0.10714285714285714
0.46111111111111114
0.27083333333333337
0.16145833333333331
0.07878787878787878
-0.19999999999999996
0.21428571428571427
0.13333333333333333
0.6499999999999999
0.14583333333333334
-0.09642857142857143
0.0798611111111111
0.0
0.16666666666666666
0.8
0.0062500000000000056
0.5333333333333333
0.09523809523809523
0.07333333333333333
0.15833333333333333
0.0
0.39999999999999997
0.25
0.24761904761904763
0.1
0.006249999999999999
0.125
-0.35
0.25
0.4
0.4481481481481482
-0.4
-0.2375
-0.231875
0.0
0.29500000000000004
0.35
-0.13125
0.0
0.15000000000000002
0.08333333333333333
0.03125
-0.1
-0.26666666666666666
-0.28125
0.19404761904761902
-0.05648148148148148
-0.2916666666666667
0.0
-0.041666666666666685
0.5
0.08825757575757577
0.21666666666666667
0.0
-0.1225
0.10500000000000001
-0.13299319727891157
-0.027380952380952377
-0.175
0.09166666666666667
0.1
0.125
-0.125
0.4666666666666666
-0.31666666666666665
0.4125
0.19999999999999998
-0.25
0.2
0.0219387755102041
0.07670454545454547
0.1375
0.375
-0.06666666666666667
-0.030000000000000006
0.375
0.1056547619047619
0.16666666666666666
-0.006249999999999999
-0.15555555555555556
0.7
0.4333333333333333
1.850371707708594e-17
0.0
-0.033333333333333326
-0.011666666666666653
-0.04791666666666668
-0.04999999999999999
0.4666666666666666
0.03125
0.13333333333333333
0.0
-0.09375
0.3666666666666667
-0.1875
0.085
0.07526455026455027
0.65
-0.2
0.0
-0.08333333333333333
0.19
0.025
0.13999999999999999
0.3
0.2916666666666667
0.2875
-0.1875
0.0659090909090909
0.045288045288045295
-0.11633333333333333
-0.05
0.2785714285714285
0.10113636363636364
-0.04841269841269843
-0.09523809523809523
0.0
0.175
-0.030612244897959193
-0.125
-0.009259259259259264
-0.2
-0.1
-0.3762857142857142
-0.08295454545454545
0.0
0.8
-0.0625
-0.09999999999999998
0.2333333333333333
0.475
0.0
0.29901960784313725
0.22499999999999998
0.1333333333333334
0.0
0.2
-0.15277777777777776
0.11583333333333334
0.08
0.190625
0.2
0.0
0.0875
0.0
-0.08333333333333333
0.0
0.2583333333333333
0.12666666666666665
0.025
0.0
0.073015873015873
-0.015833333333333335
0.25
-0.08
0.05833333333333333
-0.2990079365079365
-0.2424242424242424
-0.27111111111111114
0.08333333333333333
0.0
0.0
0.0
0.0
0.6
0.15000000000000002
0.25
0.19999999999999998
0.25555555555555554
-0.009999999999999998
0.0
0.0
-0.8
-0.2333333333333333
0.09907407407407406
-0.15000000000000002
0.007234432234432235
0.02499999999999999
0.0
-0.08543956043956046
-0.04791666666666668
-0.03650793650793651
0.2333333333333333
0.16461038961038962
0.0
-0.03809523809523809
0.4666666666666666
0.0
0.05
-0.11458333333333336
0.0
-0.1
0.3
0.25
0.16428571428571428
0.0
0.0
-0.16527777777777777
0.11249999999999999
0.25416666666666665
0.0
0.7
0.38333333333333336
0.053125000000000006
0.0
0.32
0.06910401002506267
0.1
0.1
0.1667857142857143
0.30624999999999997
0.5
0.020370370370370372
0.16071428571428578
0.5
0.21785714285714283
0.06805555555555555
0.0
0.0
0.0
0.14444444444444446
0.2
0.7
0.0
0.2
0.7
-0.23333333333333334
0.54
-0.14375
0.0
0.04869444444444444
0.0
0.303125
0.31666666666666665
0.36428571428571427
-0.04814814814814813
-0.24722222222222223
0.43333333333333335
-0.21666666666666667
0.35833333333333334
0.3
0.08714285714285712
-0.05857142857142853
0.0
-0.5
0.0
0.0
0.0
0.24083333333333337
0.7
0.14375
-0.014285714285714285
0.07250000000000001
0.06562499999999999
0.0
0.42500000000000004
0.0
0.044722222222222226
0.0
0.07762113617376773
-0.003571428571428575
0.09642857142857142
0.0952991452991453
0.0
0.8
-0.021875000000000006
-0.14375
-0.043452380952380944
0.011111111111111113
0.0
-0.1875
0.0
0.019047619047619056
0.06666666666666667
0.35
0.11785714285714285
0.12936507936507938
-0.14365079365079364
-0.020370370370370386
0.0
-0.029166666666666657
0.05833333333333333
0.08775510204081631
0.5
0.16626984126984126
-0.0625
0.10499999999999998
0.09587912087912086
0.1625
0.28165584415584416
0.2020833333333333
0.24129761904761904
0.08888888888888888
0.007142857142857141
0.06
0.25625
0.19226190476190474
0.2125
0.07175925925925924
-0.0625
-0.00416666666666667
-0.5
0.0377551020408163
-0.275
0.4
0.0
0.0
0.05
0.025
0.18015873015873016
0.04999999999999999
0.16583333333333333
0.07970779220779221
0.125
0.35000000000000003
0.0
-0.049999999999999996
-0.003030303030303031
0.0
0.0
-0.3958333333333333
0.0
0.23958333333333334
-0.125
0.0
-0.05
0.2
-0.007142857142857131
0.08526785714285716
0.0
0.2857142857142857
-0.075
0.275
-0.11666666666666665
0.18095238095238095
0.6
0.25
0.18333333333333332
0.21428571428571427
0.35
-0.1063492063492063
0.10268648018648016
0.375
0.0
0.03333333333333333
0.0
0.0
0.5
0.0
0.2857142857142857
0.3333333333333333
0.0
0.2333333333333333
0.2
-0.125
0.0
-0.02575757575757577
0.0
0.25999999999999995
-0.14166666666666666
0.016666666666666677
-0.35
0.04861111111111111
0.24000000000000005
0.20000000000000004
0.4375
-0.029761904761904736
0.12708333333333335
0.25
-0.025
0.0
-0.15000000000000002
-0.4
-0.09375
0.05
-0.125
0.4361111111111111
0.0
-0.03888888888888889
0.11296296296296297
0.0
0.0
0.1397619047619048
0.05
0.22333333333333333
-0.01771164021164022
0.020312499999999997
0.0
0.1611111111111111
-0.4
0.00416666666666667
-0.6999999999999998
-0.15555555555555556
-0.01
-0.016666666666666646
0.009523809523809521
-0.12187500000000001
0.22499999999999998
0.00027056277056278477
0.6
-1.3877787807814457e-17
-0.07932291666666666
0.0666666666666667
0.2833333333333333
-0.1
0.24375
0.1494047619047619
0.037500000000000006
0.3666666666666667
0.2
0.20714285714285713
0.15
0.0
0.184375
0.08249999999999999
-0.3125
-0.017857142857142863
-0.04821428571428571
-0.03333333333333333
-0.10535714285714286
0.3
0.0
0.0
-0.01157782276203329
-0.08214285714285716
-0.4
0.0
0.06336805555555555
0.0
-0.4
0.25
0.00888888888888889
0.0
0.3
-0.625
0.08482142857142858
0.27249999999999996
0.015625
-0.1625
0.0
0.0
0.0
0.55
0.35
0.038888888888888876
-0.09583333333333333
0.25
0.0
0.0
0.0
0.0
0.0
-0.09583333333333333
0.25
-0.021875
0.2708333333333333
0.049999999999999996
0.0
-0.07777777777777778
0.16666666666666666
0.24
-0.04583333333333334
0.1
0.0
0.0
0.0
-0.1875
0.0
-0.07196969696969698
-0.30763888888888885
-0.43333333333333335
-0.24999999999999997
0.058333333333333355
-0.3333333333333333
-0.03333333333333333
0.06558641975308642
0.10000000000000002
-0.5625
-0.09999999999999992
-0.55
0.22000000000000003
0.019444444444444448
0.22666666666666666
-0.08929738562091503
0.2
0.10555555555555557
0.24814814814814815
0.0
0.14494949494949497
0.8
0.125
0.07321428571428572
0.0
-0.125
0.0
0.16666666666666666
-0.015625
0.016666666666666666
-0.0375
0.16588203463203463
0.33125
0.06666666666666665
0.0
-0.07916666666666666
-0.08
0.05529100529100528
0.19
-0.0375
-0.12777777777777777
0.0
0.03941798941798943
0.1886574074074074
0.5
0.1367564534231201
0.0
-0.25
0.0
-0.15000000000000002
-0.09999999999999998
0.12499999999999999
-0.01190476190476191
0.3
0.225
0.04583333333333334
0.009027777777777775
-0.0625
0.0
0.16
0.15000000000000002
0.5
0.5
0.05357142857142857
-0.007158119658119659
0.13827160493827162
0.24081632653061222
0.03175213675213675
-0.5833333333333333
-0.03452380952380951
0.39999999999999997
-0.05833333333333333
0.09444444444444444
0.3
-0.29999999999999993
0.32
0.11587301587301588
0.25999999999999995
0.0
0.1906084656084656
0.04999999999999999
-0.0975
-0.25
0.0
-0.15555555555555556
0.078125
0.06749999999999999
0.22000000000000003
-0.16666666666666666
-0.08333333333333333
-0.09583333333333333
0.12857142857142856
0.1111111111111111
-0.02142857142857142
0.2
-0.04675925925925926
0.0
-0.12916666666666668
0.19166666666666665
-0.048214285714285716
-0.0035714285714285774
0.32999999999999996
-0.07013888888888889
0.004910714285714286
0.19285714285714287
-0.01272727272727273
0.0706168831168831
-0.125
-0.15000000000000002
0.15555555555555559
0.3
0.1340909090909091
0.15
-0.125
0.0
0.0
0.0
0.07529761904761909
0.0630952380952381
0.08611111111111111
-0.06568181818181819
0.16527777777777777
-0.16755050505050506
0.16964285714285715
0.2088744588744589
0.0
0.0
-0.06666666666666668
-0.8
0.0
0.0
0.0
0.09285714285714285
0.028571428571428564
0.20984848484848487
0.07683982683982683
0.0
0.1453282828282828
0.0
0.7
0.07532051282051283
0.32
0.010119047619047625
0.0
-0.1875
0.0
0.16583333333333333
0.20833333333333334
0.21875
0.0
-0.05
0.06666666666666667
-0.09833333333333331
-0.05
-0.16666666666666666
0.24444444444444446
-0.15
0.39999999999999997
0.17898701298701297
0.22323232323232323
0.3
0.0
0.3666666666666667
0.3354166666666667
0.27999999999999997
0.19999999999999998
0.5
0.2722222222222223
0.375
0.10666666666666666
0.7333333333333334
-0.02121212121212122
0.060937500000000006
0.0
-0.25
0.5
0.0
-0.2388888888888889
-0.35
0.24940151515151515
0.1368347338935574
0.1392857142857143
0.24107142857142858
0.16088961038961036
0.30833333333333335
0.125
0.43333333333333335
0.5333333333333333
0.0
0.19642857142857142
0.0
0.0
0.3333333333333333
0.3
-0.013690476190476171
-0.09696969696969697
0.0
0.15000000000000002
0.2
0.1384920634920635
0.13333333333333333
0.3619047619047619
-0.2318181818181818
-0.6
0.07291666666666669
0.0
0.0
0.3333333333333333
0.4
0.0
0.4
0.35
0.0
0.0
-0.1875
0.11145833333333334
0.25
0.10833333333333334
0.1
0.5
0.0
0.2
0.17285714285714285
0.15
0.11652097902097901
0.39285714285714285
0.2477272727272727
0.21515151515151515
-0.125
-0.5
0.16
0.14249084249084248
0.0
0.0
0.203125
0.44999999999999996
0.0
0.06666666666666667
-0.5
-0.0912878787878788
-0.4375
0.0
0.5619047619047618
0.35
0.5
0.4910714285714286
0.6000000000000001
0.23500000000000001
0.12962962962962965
0.22999999999999998
-0.03809523809523807
0.15
0.2
0.33
0.3041666666666667
0.21625
0.2714285714285714
0.6
-0.16666666666666666
0.2
0.1
-0.08333333333333333
0.04166666666666667
0.8
0.030612244897959186
0.1486111111111111
0.5
0.18333333333333335
0.30277777777777776
0.0
0.0
0.8
0.0
0.0
0.00416666666666668
-0.13333333333333333
0.2
0.7
-0.15555555555555556
0.78
0.43
-0.12
0.10395658263305321
-0.16999999999999998
0.1736111111111111
0.0
0.0
0.1875
-0.2518518518518518
0.23
0.22702777777777777
0.071875
0.21250000000000002
0.3419642857142857
0.4
0.23730158730158724
-0.25
0.16666666666666666
-0.033333333333333326
0.2375
0.228125
0.0
0.0
0.3597222222222222
0.5
0.0
0.40625
0.0
0.5083333333333333
-0.14375
0.0
0.0
0.0
-0.16666666666666666
0.0
0.0
0.0
0.20625
-0.1875
1.0
-0.036111111111111115
0.0
0.0
-0.625
0.0
0.0
-0.0875
0.0
0.0
0.0
0.0
0.0
0.255
0.15
0.07777777777777778
0.20571428571428568
0.02648809523809524
0.0
0.0
0.1
-0.03819444444444444
0.2833333333333333
0.33809523809523806
0.075
0.20727272727272728
0.32999999999999996
0.17195616883116882
0.0
-0.025
0.12916666666666668
0.36818181818181817
0.0
0.36250000000000004
0.5
0.0
0.06116071428571429
0.4
0.1
0.12051357733175914
-0.25
0.16666666666666666
0.0
0.1975
0.13874999999999998
0.0
0.15
0.14
0.7
-0.1875
0.0
0.0
0.27656250000000004
0.8433333333333334
0.15625
0.5532738095238096
0.35750000000000004
0.20833333333333331
0.2
0.1
0.015625000000000014
0.021666666666666674
-0.1
0.12083333333333333
0.33125
0.17500000000000002
0.1
0.0
-0.2749999999999999
0.025
-0.5
0.0
0.21428571428571427
0.03273809523809524
0.15
-0.2875
0.0
0.0
0.0
0.4125
0.0
0.0
0.0
0.0
0.1875
-0.3666666666666667
-0.12916666666666668
0.48
0.32499999999999996
-0.25
-0.29375
-0.1875
0.25
0.0
0.2
0.1375
0.1597222222222222
0.30238095238095236
0.2733333333333334
0.0
0.0
0.0
-0.1875
0.0
0.34642857142857136
-0.08333333333333333
0.0
-0.6
-0.23333333333333334
0.2733333333333334
0.21000000000000002
-0.24375000000000002
-0.19583333333333333
0.5619047619047618
0.6
0.4477777777777778
0.14
0.1314814814814815
0.0
0.0
0.0
0.0
0.075
0.056249999999999994
0.0
0.0
-0.033333333333333326
-0.05833333333333333
0.2916666666666667
0.0
-0.1875
0.15625
-0.012499999999999999
0.012499999999999997
0.2833333333333333
0.2
0.03141025641025642
0.0
0.1798611111111111
-0.04583333333333334
-0.12187500000000001
0.075
0.0
-0.08576388888888889
-0.1125
0.0
-0.11666666666666667
0.08845238095238095
0.12232142857142858
-0.06666666666666665
-0.016666666666666666
-0.042881944444444445
0.15870535714285716
0.17900132275132277
0.05000000000000002
0.033333333333333326
0.025
0.24166666666666664
0.325
0.24282581453634086
0.0
0.10178571428571428
0.2020833333333333
0.0
0.1375
0.11555555555555556
0.08000000000000002
0.13703703703703707
0.20303030303030303
0.016666666666666635
0.010714285714285706
0.18958333333333333
0.3466666666666667
0.65
-0.275
0.0
0.13636363636363635
0.31363636363636366
0.04829545454545455
0.0
0.0607142857142857
0.020833333333333332
0.27499999999999997
0.3
0.00999999999999999
-0.24166666666666667
0.15
-0.06666666666666667
-0.1
0.45
-0.039880952380952385
0.0
0.13749999999999998
-0.07697649572649573
-0.05714285714285714
0.06000000000000001
0.0
0.0
-0.3125
0.3333333333333333
0.0
0.020833333333333332
0.06640625
0.0
0.0
0.0
-0.25
0.26666666666666666
0.6
0.0
0.16785714285714287
0.0
0.8
-0.125
-0.8
-0.59375
0.35
-0.25
0.26
0.2066666666666667
0.03
-0.09761904761904762
0.025
0.125
-0.09090909090909091
0.475
-0.15000000000000005
0.058333333333333334
0.0
-0.125
-0.023809523809523808
0.25
0.25
0.525
0.09285714285714286
0.7
0.125
-0.13392857142857142
0.0
0.45
-0.125
0.0
-0.07500000000000001
-0.2
-0.11666666666666665
0.06666666666666667
0.45
0.2333333333333333
0.0
-0.23611111111111108
0.27222222222222225
0.05
-0.16666666666666666
-0.09583333333333333
-0.35
0.1166666666666667
-0.061904761904761914
0.6
0.25
0.05793650793650793
0.0
0.0
0.23392857142857143
0.0
0.0
0.0
0.10277777777777779
0.0
0.43333333333333335
0.2
0.0
0.12291666666666669
0.0
0.1
-0.09375
-0.016666666666666666
0.0
0.06875
-0.041666666666666664
0.2
0.5
0.020833333333333332
-0.016666666666666666
0.2145833333333333
0.03229166666666666
0.1896428571428571
0.09999999999999999
0.06666666666666667
0.0
0.0
-0.25
0.0
0.14750000000000002
0.0
0.030612244897959186
0.16999999999999998
0.0
0.07604166666666666
-0.3125
0.1486111111111111
-0.0025000000000000022
0.0
-0.09375
0.21250000000000002
0.15625
0.135
0.08666666666666667
0.15694444444444444
0.03750000000000001
-0.046875
-0.05714285714285715
0.45
-0.06
0.15
-0.05972222222222222
0.47361111111111115
0.0
0.0
0.1111111111111111
0.0
0.0
-0.1
0.033333333333333326
0.09000000000000001
0.2636363636363636
0.5
-0.07222222222222223
-0.020312499999999997
0.0
0.13459821428571425
0.07272727272727274
0.1714285714285714
-0.25
0.3
0.15499999999999997
0.0
0.13214285714285715
0.15625
-0.4
0.34285714285714286
0.0
0.35
0.0
0.5
0.5
0.25
0.3333333333333333
0.0
0.0
0.0
0.14
0.5
0.0
0.0
0.0
0.0
0.08148148148148149
0.3
0.75
0.26666666666666666
0.4
-0.1
0.0
-0.25
0.155
0.0
-0.20416666666666666
0.375
0.046130952380952384
0.007142857142857141
0.18333333333333335
0.12142857142857144
0.2833333333333333
0.2083333333333333
0.0
-0.1994047619047619
-0.3125
0.2
0.1
0.04464285714285714
0.875
0.15
0.35
0.023809523809523808
0.0
0.0
0.05
0.19999999999999998
-0.019345238095238096
0.01420454545454545
0.4166666666666666
0.0
0.0
0.4375
0.0
0.0
0.0
0.0
0.0
0.05
-0.07886904761904762
0.39261363636363633
0.575
0.15833333333333333
-0.24166666666666667
-0.0625
0.09259259259259262
0.12407407407407407
0.0062500000000000056
0.2
-0.05138888888888888
0.45357142857142857
0.0
0.5333333333333333
0.07125000000000001
-0.02777777777777778
0.45
0.0
0.4625
0.09090909090909093
0.3666666666666667
0.09166666666666667
0.009523809523809521
0.3666666666666667
0.25
0.078125
0.25
0.875
0.20383597883597881
-0.2
0.43333333333333335
0.325
0.5
0.23333333333333334
0.365
0.13636363636363635
-0.08333333333333333
0.2583333333333333
0.21212121212121213
0.8
0.0
0.08333333333333333
0.20092592592592592
-0.004999999999999999
0.0
0.4089285714285714
0.3
0.195
0.1
0.10166666666666668
0.003124999999999989
0.142948717948718
0.06666666666666664
0.07833333333333332
0.2416666666666667
0.10124999999999999
0.5353571428571428
0.039540816326530615
0.2039115646258503
0.0619047619047619
-0.18
0.0
-0.3333333333333333
0.0
0.19318181818181818
0.1
-0.2142857142857143
-0.10000000000000002
0.0
0.0
0.18333333333333335
0.0
0.0
0.18499999999999997
0.09375
0.35
0.0
0.5
0.2
0.23645833333333335
0.0
0.0
0.75
-0.0642857142857143
-0.09999999999999999
0.35833333333333334
-0.18666666666666668
-0.075
0.0
0.10625
0.17142857142857143
0.75
0.0
0.0
0.0
0.2
0.0
-0.5
-0.3
0.0
0.4
0.49583333333333335
0.0
0.0
-0.50625
0.0
0.0625
0.09999999999999999
0.1595238095238095
0.39375
0.8
0.0
0.25
0.0
-0.00833333333333334
0.0
0.625
0.0
-0.033333333333333326
-0.2
0.24955357142857143
0.2
0.0
0.05
0.44131701631701636
0.0
0.16666666666666666
0.0
-0.25
0.5
0.33999999999999997
-0.2
-0.35
-0.2333333333333333
0.0
-0.525
0.7
0.0
0.2333333333333333
0.5
-0.34375
0.0
0.8
-0.0625
0.0
0.0
0.0
0.16666666666666666
0.14444444444444446
0.16666666666666666
0.16666666666666666
-0.15
0.0
0.37777777777777777
0.0
0.0
-0.0666666666666667
-0.5
-0.31666666666666665
-0.007500000000000004
0.0
-0.026785714285714284
-0.2601851851851852
0.041666666666666664
-0.06666666666666667
-0.3
0.06770833333333334
-0.07083333333333333
-0.13333333333333333
0.0
0.1395743145743146
0.11874999999999998
-0.10694444444444445
-0.1875
0.04
0.0
0.0
0.0
0.5
0.0
0.425
-0.2
0.2222222222222222
0.19722222222222224
-0.14444444444444446
0.06770833333333331
0.2943452380952381
-0.15
-0.11111111111111105
0.0625
0.04910714285714285
0.0
0.0
0.0
0.0
-0.0625
0.0
0.0
-0.8
-0.2
-0.0625
0.25
-0.2
0.75
0.1
0.0
0.0
-0.056249999999999994
0.6
-0.09375
0.7555555555555555
0.0
0.0
0.05
-1.0
0.033333333333333326
0.0
0.0
0.7
0.09999999999999999
0.0
0.0
0.0
0.3333333333333333
-0.2
0.0
-0.10535714285714286
0.5
0.03125
0.0
0.25
1.0
-0.1875
0.24729166666666666
-0.39
0.2
0.0
-0.2
0.16666666666666666
0.3
-0.18
-0.5249999999999999
0.4
0.0
-0.04999999999999999
0.0
-0.0625
0.0
0.175
-0.033333333333333326
0.2333333333333333
0.036111111111111094
-0.05744047619047619
-0.11845238095238093
0.0
0.4666666666666666
-0.25
-0.5
0.140625
0.1
0.0
0.25
0.39166666666666666
0.3375
0.225
0.25999999999999995
0.16538461538461538
0.06666666666666668
0.06911764705882353
0.13333333333333333
0.0
0.35
0.22999999999999998
0.12083333333333335
0.0
0.0
-0.15555555555555556
0.1898989898989899
0.3
0.0
0.725
0.1488888888888889
0.00833333333333333
0.1088888888888889
0.05
-0.1875
-0.07777777777777778
0.1
0.06666666666666667
0.4166666666666667
0.21250000000000002
0.057407407407407414
0.21750000000000003
-0.03333333333333333
-0.012499999999999997
0.0
-0.05
0.0888888888888889
-0.16046296296296292
0.004166666666666652
0.22500000000000003
0.012499999999999997
0.0
-0.08333333333333333
-0.006696428571428575
-0.0875
0.15681818181818183
0.21632653061224488
0.044824561403508774
0.4
0.16770833333333335
-0.0015624999999999944
0.1125
0.13333333333333333
0.0
0.0
0.32499999999999996
0.15
0.2886243386243386
0.45499999999999996
0.03333333333333335
0.0
0.0
0.0
0.10714285714285714
0.0
0.125
-0.16666666666666666
0.5
0.1
0.03333333333333335
0.3357142857142857
0.0
-0.125
-0.16
-0.5
0.0
-0.26666666666666666
0.1375
0.2518939393939394
-0.024999999999999994
0.14545454545454545
0.06999999999999999
0.0
-0.13541666666666666
-0.08003968253968255
-1.0
-0.006060606060606049
0.4
-0.11041666666666666
0.0
0.0
0.0
0.0
0.0
0.35
0.06481481481481481
0.3
0.05833333333333335
0.5249999999999999
-0.09687499999999999
0.0
-0.033333333333333326
-0.057142857142857134
0.0630952380952381
-0.06458333333333333
-0.059999999999999984
0.09671717171717172
0.0875
0.15625
-0.22916666666666666
0.03888888888888889
-0.09375
-0.17500000000000002
0.0
0.1
0.3020833333333333
-0.08333333333333333
-0.06666666666666667
-0.4749999999999999
-0.35
0.0861111111111111
-0.6
0.22999999999999998
0.0
-0.1
0.0
0.15000000000000002
0.0
-0.019999999999999997
0.0
0.0
0.0
0.0
0.2
-0.09999999999999999
0.0
0.0
-0.003968253968253977
-0.21428571428571427
0.25285714285714284
0.09999999999999999
0.0
0.1994047619047619
0.2
0.115625
0.0
0.0
-0.1
-0.125
-0.053571428571428575
0.2
0.0
0.0
-0.1
0.012499999999999983
0.04333333333333333
0.0
0.0
0.3
-0.2
0.0
-0.2159090909090909
0.0
0.55
0.0
0.0
-0.029999999999999992
0.185
0.13
0.0
0.0
0.3
-0.4
-0.078125
0.0
0.10208333333333333
0.5
-0.19999999999999998
0.24204545454545454
0.0
0.25
-0.3
0.0
-0.09999999999999999
-0.04999999999999993
-0.2625
0.375
0.0
0.0625
-0.025000000000000022
0.0
-0.10331632653061225
0.15
-0.8
0.3
-0.175
-0.028571428571428532
0.07142857142857142
0.6
-0.06666666666666667
-0.15555555555555556
-0.20000000000000004
0.0
0.0
-0.2225
0.10000000000000002
-0.209375
0.11666666666666667
0.19444444444444445
0.4
0.27380952380952384
0.30000000000000004
0.15166666666666667
0.06346153846153846
-0.15357142857142853
-0.24444444444444444
0.0
0.0
0.0
-0.10952380952380951
-0.25
0.0
0.28125
0.35
0.022222222222222213
0.0
0.2333333333333333
0.0
0.075
-0.05138888888888889
0.37083333333333335
-0.11805555555555554
0.09375
0.0
0.2285714285714286
0.12976190476190477
0.13809523809523808
0.22604166666666667
-0.025
0.09166666666666672
0.2777777777777778
0.0
0.021590909090909088
1.0
-0.1875
0.20833333333333334
0.25
-0.25
0.033333333333333326
0.0
0.0
0.1076923076923077
0.0
0.39285714285714285
0.0
0.02
-0.1
0.21428571428571427
0.05
0.5
-0.24999999999999992
0.03690476190476192
0.640625
0.09074074074074075
-0.15555555555555556
0.3104938271604938
0.0
0.0
0.07222222222222222
0.050868055555555555
0.0
0.3
0.28080357142857143
0.5
0.2
0.0
0.0
-0.1
0.0
0.2
0.0
0.0
-0.05
0.1
-0.07500000000000001
0.0
0.3
-0.07999999999999999
0.8
0.1375
0.5
-0.5
-0.06666666666666667
0.13999999999999996
-0.11000000000000001
0.0
0.00416666666666667
-0.010000000000000004
0.0
-0.20000000000000004
0.4
0.0
0.0
0.0
-0.10000000000000002
0.0
-0.23750000000000002
0.13749999999999998
0.03194444444444444
0.11666666666666665
0.0
0.1625
0.2333333333333333
0.24285714285714288
0.0031250000000000028
-0.05555555555555555
0.15
0.08333333333333333
0.03972094214029697
0.23775510204081637
-0.006250000000000001
-0.04999999999999999
-0.125
0.175
-0.08333333333333333
0.0
0.0
-0.125
0.2333333333333333
0.5
0.103125
0.16666666666666666
0.0
0.15000000000000002
0.1
0.275
0.39999999999999997
0.0
-0.15000000000000002
0.10793650793650794
0.11212121212121212
0.203125
0.05875
0.15
0.1208333333333333
0.11499999999999999
-0.18411111111111114
0.1361111111111111
0.2533333333333333
0.3433333333333334
-0.06190476190476191
0.11249999999999999
0.2828571428571428
0.05909090909090909
-0.03125
0.4
0.5
0.25000000000000006
0.39333333333333337
0.08589826839826839
-0.008333333333333331
0.16666666666666666
0.475
0.07499999999999998
0.3
-0.11714285714285717
0.5
0.11499999999999999
0.10803418803418803
0.2
0.0
0.0590909090909091
-0.15
0.0
0.3333333333333333
-0.03972537878787878
-0.09226190476190475
0.09166666666666667
0.05916666666666668
0.06666666666666668
0.05015948963317384
0.014880952380952387
0.12285714285714286
0.09722222222222221
-0.05
-0.1
0.0
-0.00444444444444444
0.2285714285714286
0.22142857142857142
0.5047619047619047
0.16666666666666666
0.26666666666666666
0.037202380952380966
0.8
-0.7
0.3
0.27
0.026666666666666672
0.2903508771929825
0.03996212121212121
0.225
0.54
0.2651455026455027
0.04924242424242425
0.2380952380952381
0.3055555555555556
0.14794973544973541
0.0016666666666666774
0.17500000000000002
0.0
0.22000000000000003
0.21875
0.0
-0.053125
0.47000000000000003
-0.09375
0.025
0.0
0.6
0.0
0.4
0.0
-0.05
0.5
-0.125
-0.15555555555555556
0.18928571428571428
0.25
-0.1
-0.03125
0.06818181818181818
0.2791666666666666
0.05000000000000001
0.125
0.10737179487179487
0.14375
0.1791666666666667
0.06666666666666667
0.1375
0.125
0.3
-0.041666666666666664
0.21989795918367344
0.9
0.16666666666666669
0.10833333333333332
0.3111111111111111
-0.012500000000000004
0.033333333333333326
-0.3
0.8
0.0
0.07500000000000001
0.29374999999999996
-0.3125
0.0
0.0
0.2
0.375
0.0
0.303125
-0.16666666666666666
0.0
0.0
0.0
-0.05
-0.3499999999999999
0.0
0.0
0.41666666666666663
0.0
0.6
0.0
0.0
-0.09226190476190477
0.1125
0.2
-0.061111111111111116
0.1625
0.3458333333333333
-0.09999999999999998
0.2
0.47878787878787876
0.21212121212121213
0.0
0.0
0.0
0.0
0.0
0.025000000000000005
-0.047619047619047616
0.2125
0.0
0.0
0.15000000000000002
0.06999999999999999
0.4375
0.28125
0.6
0.2260416666666667
0.15
0.0
0.5
0.35420634920634914
0.06269841269841271
0.3071428571428571
0.15625
0.16666666666666666
0.6
0.0
0.7
0.2
0.6857142857142857
0.0
0.0
0.0
0.0
0.09805194805194806
0.046666666666666655
0.39999999999999997
-0.08333333333333333
-0.025
0.0
0.0
-0.3241666666666666
0.5
1.0
1.0
0.4333333333333333
0.0
0.10625000000000001
0.0
0.0
0.0
0.2
0.0
0.0
0.3833333333333333
0.27499999999999997
0.29545454545454547
0.17916666666666667
0.26031746031746034
0.25
0.6666666666666667
-0.00833333333333334
-0.09795918367346937
0.2
-0.006249999999999996
0.19166666666666665
0.2873214285714286
0.22057291666666665
0.15833333333333333
0.08685064935064936
0.0
0.03333333333333333
-0.075
0.1778409090909091
0.1212962962962963
-0.012202380952380945
0.004166666666666674
0.07500000000000002
-0.040816326530612256
0.13666666666666666
0.02559523809523809
0.08371212121212122
0.24
0.05
0.08
0.06999999999999999
-0.125
-0.021875
-0.022727272727272728
-0.1
0.09545454545454544
0.0
0.04375
0.14880952380952378
-0.008750000000000008
0.024999999999999994
0.195
-0.028030303030303037
-0.5
0.08000000000000003
-0.25
0.07764378478664193
0.6666666666666666
0.0
0.06666666666666667
-0.2
-0.016666666666666677
0.1
0.0
0.1791666666666667
-0.5
0.0
0.0
-0.1392857142857143
0.2895833333333333
0.1375
0.3090909090909091
0.0
0.0
0.0
0.0
0.4
-0.3
0.0
0.26666666666666666
0.030346320346320343
0.0225
0.0
0.0
0.8333333333333334
-0.033333333333333326
-0.1958333333333333
0.0
0.425
0.0
-0.11458333333333331
0.3333333333333333
0.01419753086419753
0.08333333333333333
0.16190476190476188
0.16214285714285714
0.2
0.1
0.16666666666666666
0.15
-0.3
0.0
0.3
0.12083333333333335
0.02500000000000001
-0.16666666666666666
-0.096875
0.5916666666666667
0.0
0.0
0.0
0.4416666666666667
0.1
-0.12187500000000001
-0.04583333333333333
0.05000000000000002
0.012299679487179499
0.0
0.0
0.0
0.0
0.13749999999999998
0.0
-0.10277777777777777
0.0
-0.19166666666666665
-0.08333333333333336
0.09027777777777779
0.0
0.16666666666666666
0.85
0.0
0.0
-1.0
0.0
-0.2125
0.0
0.32499999999999996
0.19166666666666668
0.24
0.0
0.43333333333333335
0.3571428571428571
0.0
0.06666666666666667
0.1
0.0
-0.22499999999999998
0.5
0.0
0.19166666666666665
0.09053030303030303
0.0
0.40625
0.2857142857142857
0.0
0.0
1.0
0.06666666666666667
0.15555555555555556
0.25625
0.8
0.6
0.0
0.05
0.0
-0.29
-0.09375
0.5
-0.06666666666666667
-0.03333333333333335
0.02500000000000001
-0.3
-0.4
-1.0
-0.25
0.19999999999999998
0.0
-0.15555555555555556
0.45
-0.021851851851851862
0.4375
0.0
-0.09375
0.0
0.0
-0.35
-0.07500000000000001
0.0
0.0
-0.15625
0.0
0.0
-0.15000000000000002
0.0
0.0
0.5
0.0
0.0
0.0
0.0
0.19999999999999998
-0.10000000000000002
0.0
-0.048148148148148155
0.02500000000000001
0.03125
0.4166666666666667
0.0
0.0
0.0
0.0
0.0
0.8
0.3383333333333334
0.05000000000000002
0.0
0.375
0.35
0.325
0.625
0.9
0.20087412587412587
0.30000000000000004
0.2416666666666667
0.13636363636363635
0.1346153846153846
-0.35
0.05142857142857144
0.19508928571428572
0.19125
0.37878787878787873
-0.1426470588235294
-0.09375
-0.4
0.0
0.0
0.0
0.0
-0.009863945578231309
0.125
0.0
0.109375
0.325
0.0
0.21428571428571427
0.06190476190476191
0.2201923076923077
0.46666666666666673
0.0
-0.0625
0.0
0.35
0.2388888888888889
0.21562499999999998
0.21250000000000002
0.0
0.0
0.065
0.030357142857142853
0.07083333333333335
0.06666666666666667
0.0
0.16666666666666666
-0.09568452380952382
0.03333333333333333
0.0
0.08198051948051947
0.39999999999999997
0.10767857142857143
0.0
-0.06666666666666667
0.10714285714285714
0.2142857142857143
0.35
0.0
-0.15
0.2
0.002777777777777775
-0.1875
0.17142857142857146
-0.08888888888888886
0.0
-0.025
0.25
0.0
0.056249999999999994
-0.024999999999999994
-0.05
-0.1875
0.0
-0.21666666666666667
-0.1875
0.0
0.11666666666666665
0.0
0.5
0.0
0.15625
0.42833333333333334
0.0
0.003333333333333327
0.0625
0.625
0.0
0.25
0.0
0.0
0.7
0.12307692307692308
0.5
0.0
-0.25
0.0
0.55
-0.041666666666666664
0.0
0.1
0.0
0.159541847041847
0.00454545454545455
0.1
0.26666666666666666
0.35
0.25
-0.07500000000000001
0.0
-0.05892857142857143
0.05452380952380953
-0.20249999999999999
-0.20000000000000004
0.0
0.10357142857142856
0.0
-0.1125
0.26666666666666666
0.35666666666666663
0.18
-0.055102040816326525
0.22083333333333335
-0.4
-0.33125
-0.06666666666666665
-0.033333333333333326
-0.3
0.0
0.175
-0.15
0.0
0.6
0.05000000000000001
0.6
0.0
0.0
0.0
0.0
0.0
0.0
0.0
0.2119047619047619
0.0
0.125
0.0
0.0
0.35
0.20666666666666664
0.06874999999999999
0.0
0.1375
0.0
0.1
0.10714285714285714
0.0
0.041666666666666664
0.1732142857142857
0.0
0.08333333333333333
0.0
0.03125
0.04791666666666666
0.3
0.5
0.06888888888888889
0.04583333333333332
0.0
0.4
-1.0
0.0719155844155844
0.0
0.5
0.0
0.0
0.0
0.0
0.0
-0.041666666666666664
0.05
-0.20000000000000004
0.1
-0.0033333333333333327
0.35
-0.2
0.0
0.21428571428571427
0.0
-0.15555555555555556
-0.7
0.25
0.0
-0.1
0.0
0.35
-0.3
-0.05
0.0
-0.02500000000000005
0.0
-0.5
0.5
0.1
-0.3
0.0
0.0
-0.8
0.31666666666666665
0.15
-0.11000000000000001
0.0
-0.02824074074074075
0.016666666666666673
0.16666666666666669
-1.0
0.0
0.3125
0.055555555555555546
0.17537878787878788
0.3222222222222222
-0.1875
0.18333333333333335
0.125
0.016666666666666663
0.0
0.041666666666666664
-1.0
0.25
0.0
0.0
0.024999999999999994
0.05
0.5
0.5
0.3
-1.0
0.35
0.7
0.0
0.15
0.0
-0.05
0.0
0.22727272727272727
0.1375
0.0
0.05
0.0
0.16666666666666666
0.2333333333333333
0.0
0.5666666666666668
0.0
-0.009999999999999986
0.0
0.0
0.2
0.15
-0.002083333333333326
0.0
0.8
-0.020833333333333332
0.0
0.0
0.1
-0.00714285714285715
0.2185185185185185
0.25625
0.228125
0.125
0.0
0.05892857142857143
0.12222222222222222
0.24664772727272727
-0.5
-0.08333333333333333
0.55
0.16666666666666669
0.24999999999999997
0.0
0.0
-0.1
-1.0
0.0
-0.1503787878787879
-0.2875
0.2
-0.175
0.06666666666666667
0.0625
0.0
0.24727272727272726
0.24000000000000005
-0.19999999999999998
0.12333333333333334
0.0
0.023809523809523808
0.0
0.0
0.0
0.15
0.5
0.0
0.21227272727272725
-0.125
-0.1
0.0
0.0
0.0
0.0
-0.05
0.0
-0.05
0.0
0.0
0.25
0.60625
-0.033333333333333326
-0.014166666666666656
0.14464285714285713
0.0
0.0
-0.020000000000000007
-0.2
0.26785714285714285
0.0
0.5
0.0
0.25
-0.26581632653061227
0.15714285714285714
0.0
-0.021875000000000006
0.06642857142857142
0.7
0.45499999999999996
-0.5
0.2
0.0
0.0
0.6
1.0
-0.008333333333333331
0.2
0.0
0.6
0.0
0.0
-0.5
0.0
0.0875
0.0
-0.0125
0.6333333333333334
0.25
0.0
0.06428571428571428
0.20833333333333334
-0.07261904761904762
0.2
0.0
0.0
0.0
0.20714285714285713
-0.6
0.028571428571428553
-0.12951388888888887
0.0
0.4
0.5
0.025
0.0
0.3232142857142857
-0.05
-0.09739583333333335
0.0
-0.6666666666666666
0.175
0.0
0.08906250000000002
0.01785714285714285
0.0
0.0
0.49
0.1481818181818182
0.07314814814814814
0.2333333333333333
0.125
0.5
0.0
0.0
0.025757575757575746
0.048533950617283945
0.039999999999999994
0.2791666666666667
0.0
-0.1
0.0
0.0074074074074074086
-0.1875
0.0
-0.4
-0.10625000000000001
0.1225
0.0
0.16249999999999995
-0.0625
0.16666666666666666
0.0
0.0
0.0
0.025
0.0
0.29523809523809524
0.0
0.0
0.11071428571428571
-0.09464285714285714
0.16339285714285712
-0.011111111111111108
-0.3
-0.55
-0.25
0.0
0.26666666666666666
-0.05
0.0
-0.06666666666666665
-0.6
0.6
-0.05
0.18749999999999997
0.2380952380952381
0.15000000000000002
-0.16388888888888892
0.0
-0.0625
-0.061111111111111116
0.031249999999999997
0.1892857142857143
0.0
0.15000000000000002
0.25
0.175
0.19473684210526318
0.0944444444444444
0.25
0.1
0.1675
0.05500000000000001
0.0
0.08971861471861471
0.12000000000000002
0.0
0.0
0.3007142857142857
0.35428571428571426
0.2833333333333333
0.06603174603174602
0.17892720306513413
0.2
0.13999999999999999
0.0
0.04365079365079364
0.05
0.18418367346938774
-0.2
0.11944444444444442
0.2333333333333333
-0.035416666666666666
-0.25
0.21666666666666667
0.0
0.21071428571428572
0.375
0.5
-0.15000000000000002
0.625
-0.125
0.0
0.25
0.0
-0.09625
0.08785714285714288
0.0
-0.04000000000000001
0.0
0.0
0.19999999999999998
-0.125
-0.15
-0.05
-0.06547619047619045
-0.105
0.18008241758241758
0.375
0.0638888888888889
-0.0625
-0.1
0.5119047619047619
0.25
0.0625
0.1
0.75
0.2583333333333333
0.15555555555555556
0.1036090067340067
-0.08333333333333333
0.027500000000000004
-0.2
0.1
0.7
0.07976190476190474
0.275
0.2618303571428571
0.24375
0.0
0.0
-0.16666666666666669
0.25
0.0
0.0
-0.16666666666666666
0.4625
0.25
0.09626623376623376
0.08571844821844822
-0.12121212121212122
0.28750000000000003
0.13571428571428573
0.39999999999999997
0.2783333333333333
0.011111111111111113
-0.20714285714285716
-0.5
-0.10000000000000002
0.375
0.16291666666666665
0.0
-0.08295454545454546
0.08194444444444444
0.5
0.0875
0.004591836734693879
0.2963684463684464
-0.55
0.12916666666666668
0.1
0.8
-0.1
0.2589285714285714
-0.5571428571428572
0.25
0.012012987012987014
0.175
0.3486363636363637
-0.04403409090909091
0.55
0.07662337662337662
0.2477272727272727
0.45
-0.0002840909090909109
-0.4
0.2380952380952381
1.0
0.0018939393939393923
-0.3125
-0.4
0.0
0.0
0.165625
-0.39
0.0
-0.85
-0.1
0.025000000000000022
0.0
0.0
0.375
0.0
0.0
0.0
0.15396825396825395
0.0
0.05
0.10208333333333335
-0.04999999999999999
0.255
0.5
0.6
0.0
0.8
0.0
0.25
-0.05
0.10345238095238095
0.21444444444444447
0.17012987012987013
-0.10307539682539683
-0.06851851851851852
0.35
0.0
-0.029783950617283957
-0.13333333333333333
0.0
-0.1
-0.125
0.0
0.2
-0.5
0.0
0.0
0.1
0.0
0.0
1.0
-0.02291666666666667
-0.2
-0.03333333333333334
-0.22999999999999998
0.15
0.0
0.275
0.0
9.25185853854297e-18
-0.09
0.19727272727272727
0.06666666666666667
0.4166666666666667
0.0
-0.2
0.096875
0.24999999999999997
0.0
0.1787878787878788
-0.0049319727891156285
0.2
0.3027972027972028
0.10178571428571428
-0.2159090909090909
-0.4
0.10397727272727271
0.08750000000000001
0.125
-0.45
-0.05
0.0
0.1342532467532468
0.0
0.06666666666666667
0.3
-0.09333333333333335
