0.0
0.0
0.3977
0.9792
-0.128
0.0
0.3818
0.807
0.0
0.4939
-0.4215
0.0
-0.2023
-0.8481
0.5267
0.7096
0.4588
0.7227
0.3818
0.4767
-0.4497
-0.3182
0.0
0.5536
-0.5267
0.0
-0.3818
0.7717
0.879
0.0
0.3384
0.9934
-0.7031
0.7351
-0.6661
-0.5994
0.6908
-0.7351
-0.5859
-0.2732
-0.2732
-0.3182
0.0
0.128
0.5908
0.0772
0.4738
0.8778
-0.7501
-0.296
0.714
-0.1901
-0.296
0.7506
0.8349
0.8266
0.7165
0.9676
0.0546
-0.5574
-0.8975
0.6901
0.0752
0.4767
0.8834
0.9006
0.4767
0.6124
-0.8356
0.4645
0.8326
-0.6808
0.6898
0.5346
-0.5994
-0.1779
0.4417
0.9245
-0.4767
0.0
0.8802
0.5423
-0.2263
0.7845
0.9715
0.0
0.0
0.8292
-0.7498
-0.659
0.1513
0.7579
0.8481
0.7269
0.9386
0.7096
0.9134
-0.1986
0.4767
0.2983
0.5106
0.34
0.3697
-0.1889
0.9799
0.8885
0.0
0.1511
-0.1761
0.0
-0.2828
0.8262
0.8271
0.5106
-0.7645
0.9578
0.3612
0.4503
0.2547
0.8458
0.1655
-0.4989
0.4019
0.6019
0.4964
0.3612
0.0
-0.4019
0.0
0.4404
0.5981
0.0
0.6996
-0.1007
0.0
0.4215
0.5499
0.765
0.0
0.4678
0.0
0.0
-0.8321
0.0132
0.4767
0.6249
0.6946
0.0
0.658
0.659
0.4576
0.5598
-0.5598
0.7391
0.2263
0.8999
0.4215
0.5372
0.6808
0.2584
0.5574
-0.2003
-0.3182
0.8121
0.7871
-0.3071
0.0258
-0.3489
0.4295
-0.3412
0.7096
0.5267
0.4902
-0.1513
-0.505
0.8822
-0.7144
0.0
-0.0387
0.4404
0.8614
-0.8718
0.9035
-0.9112
-0.9109
0.2023
-0.6597
0.1531
-0.6369
0.8203
0.8566
0.8062
0.5267
0.5848
0.7395
-0.296
0.7498
0.9638
0.1531
0.836
0.8979
-0.5859
-0.6124
-0.0187
0.9374
-0.7149
-0.4753
0.0
0.0
0.3384
-0.2263
-0.1742
0.34
-0.4728
0.5801
0.0
0.7534
0.1847
-0.7134
-0.3919
-0.9061
0.6444
0.4927
0.4404
0.6833
0.4404
0.0
-0.4389
0.0516
-0.7102
0.7384
0.7296
0.8055
-0.6896
0.9455
-0.7964
0.3412
0.875
0.3591
-0.0521
-0.631
0.0
-0.6791
0.2732
0.0
0.0
-0.5719
-0.2516
-0.8221
-0.8338
0.1263
-0.296
-0.0883
-0.2003
-0.7096
0.0
0.0258
0.0
-0.0762
0.2263
-0.5733
0.0
0.0
0.128
0.0
0.0
-0.7684
0.9035
0.5423
0.7992
0.8166
-0.7106
0.0
-0.9805
-0.6705
0.5719
-0.0258
0.5267
-0.0572
0.9782
-0.0414
-0.5994
0.3818
-0.6124
0.0
0.3612
0.7075
0.0
0.6605
0.9078
0.743
0.7717
0.7227
0.6249
0.9528
-0.2263
0.7096
-0.3814
0.34
-0.5106
0.8338
0.296
-0.0258
0.7351
0.0
0.0
0.6808
-0.2846
0.0
0.25
0.0
0.8456
0.7956
-0.8573
0.4767
0.8625
0.2675
0.5023
-0.7184
-0.9584
0.3612
0.8402
-0.6486
-0.8637
-0.6369
-0.4019
-0.4019
0.6108
-0.1601
-0.296
0.0
-0.6369
-0.296
-0.296
0.5423
-0.0772
0.5859
0.0
0.0
0.0
0.0
-0.5859
-0.0644
0.8126
0.0
0.3182
0.0
-0.34
0.0
0.3321
-0.4588
0.6652
0.0
0.0
-0.2411
0.0
-0.6444
-0.2259
0.2023
0.8735
0.0
-0.7283
0.0
-0.0859
0.0
0.4724
0.0
0.4404
-0.8496
0.8794
0.8248
-0.296
-0.8968
-0.3804
0.0
0.9675
0.9226
-0.8971
0.4057
0.5574
-0.3182
0.7852
0.825
0.0
-0.6486
0.0
-0.4767
0.3182
0.5859
0.2584
0.4404
-0.0
0.3612
0.9661
0.6808
0.2617
0.9201
-0.2701
0.9878
-0.2259
0.0
0.3612
0.4919
0.2473
0.0
-0.6643
0.128
0.0
0.0
0.3595
0.3818
-0.2263
-0.6597
0.0772
-0.5815
-0.5719
-0.3584
0.9136
0.0
0.0
0.0
-0.5255
0.0
0.4389
0.4019
0.1027
0.0
0.0
-0.257
0.9285
0.0
-0.5733
0.5213
0.7178
0.1114
-0.5267
0.7227
0.3818
-0.0516
-0.34
-0.4574
0.0
0.101
0.0
-0.3261
0.9796
0.0
-0.5255
0.5574
0.6652
-0.2732
0.8398
0.7181
0.7925
0.9022
0.5841
0.872
0.9873
0.5106
0.8714
0.0
0.6705
-0.1027
0.765
-0.296
0.8653
-0.7511
-0.6597
-0.872
0.5423
0.6059
0.8779
0.5994
0.0
0.5574
0.712
0.7501
0.8979
0.0
0.9682
0.5293
0.4215
0.8732
-0.3612
-0.296
0.9488
0.4594
0.8271
0.7146
0.831
0.4133
-0.9213
-0.8448
0.5574
0.765
0.0
0.2278
-0.4767
0.6114
0.0
-0.2023
0.0
0.4404
0.3612
-0.6908
0.2176
-0.8211
0.8497
0.9578
0.34
0.4939
-0.7263
-0.5739
-0.8381
-0.6249
-0.577
-0.34
0.765
0.958
0.9765
0.296
0.4785
0.296
0.3612
0.0
0.0
0.1406
-0.7876
0.0
-0.8555
0.3612
0.1149
0.8368
0.9153
0.25
0.8876
0.9843
0.1027
0.128
-0.4588
0.8591
0.1779
-0.3089
0.3182
0.0179
0.6369
0.7101
0.0
0.4939
0.5938
0.0
0.0
0.0
0.5009
0.705
-0.1803
0.3164
0.6933
0.8674
0.4019
-0.0431
0.6315
0.1779
-0.1548
0.91
0.2732
0.8016
0.936
0.9201
0.8074
0.4588
-0.4588
0.0
0.4019
0.0
0.0
-0.2263
0.8837
0.5024
0.9814
0.9682
-0.3573
0.6369
0.4939
-0.509
0.5719
0.4767
-0.8271
0.0
-0.3818
0.224
0.7056
0.3291
0.0
0.0
0.8689
-0.6369
0.9716
0.8867
-0.296
-0.3089
-0.5423
0.0971
0.0973
-0.1779
-0.5994
0.2023
-0.128
-0.541
0.136
0.3612
0.1027
0.0
0.8196
0.7717
0.9205
0.9437
-0.2732
0.9282
0.9612
-0.9735
0.2606
0.335
0.9901
-0.4767
-0.2755
0.0258
0.9413
0.9773
0.0
0.4215
0.9274
-0.4268
0.7351
0.7269
0.34
0.9338
0.9287
-0.3182
0.8481
0.7579
0.6597
-0.6858
0.7663
0.9891
-0.25
0.2892
0.6526
0.0
0.0
-0.4019
0.4767
-0.5881
0.7269
-0.2881
-0.3412
0.3182
-0.4588
-0.2263
-0.5994
0.0
0.6908
0.4588
0.6809
0.6486
0.34
0.8225
-0.0484
0.9287
0.5267
0.0
-0.6629
0.9032
0.8268
0.2023
-0.7351
0.4939
0.8519
0.2023
0.0
0.2732
0.9753
0.9042
0.1759
-0.5927
0.4215
0.3182
-0.4391
-0.2732
0.3612
-0.1278
-0.8272
-0.6764
-0.6808
0.9478
-0.4497
0.4039
0.0
0.9066
0.9329
0.973
0.959
0.8271
0.8979
-0.4785
0.6007
0.9109
0.5106
0.6369
-0.4767
0.8225
0.8442
-0.3919
0.958
0.3321
-0.3804
0.4649
0.5648
-0.1531
0.9733
-0.5423
0.7269
0.743
-0.2732
0.3861
0.0
0.7378
0.3182
0.0
0.7717
0.8405
0.3939
0.0
0.0
-0.1695
-0.296
0.0
0.3182
0.5267
0.0
0.9337
-0.3634
-0.4118
0.7469
-0.6933
0.6494
-0.0516
0.9174
0.8753
0.0
0.9517
0.1571
0.0
0.8176
-0.0516
0.8271
0.0
0.2263
0.0
0.0772
0.1695
0.8126
0.0
0.4715
0.7391
0.0
0.9732
0.7077
0.6908
0.9382
0.7783
0.9623
0.3182
0.9512
0.4574
0.0
-0.8134
0.0
-0.25
0.3612
0.7506
0.0
0.0
-0.8043
-0.4601
0.0
0.0
0.0
-0.1027
-0.1695
-0.2755
0.6249
0.0
-0.3164
-0.3054
0.0
-0.128
0.0
-0.0
0.9233
0.0
0.0
0.2728
0.8481
0.0
0.0
0.0572
0.0772
-0.7429
-0.2382
0.2732
0.0
-0.3612
0.0258
0.2732
0.4588
-0.2263
0.0
0.4201
-0.2057
0.3919
0.8971
0.6361
0.6652
-0.7783
0.4019
0.5413
0.7869
0.4404
0.0
-0.9437
0.4767
0.0
-0.4767
0.8462
0.8988
-0.3245
0.1864
0.6249
-0.3612
0.8728
0.3182
0.892
0.3818
0.0
-0.4215
-0.6377
0.7199
0.8232
0.6997
-0.5542
-0.314
0.0
0.9451
-0.2782
0.7548
0.6207
0.9584
0.2939
-0.3412
0.7899
0.0
0.0
0.431
0.6731
0.7304
-0.8316
-0.7684
0.0
-0.7876
-0.4201
0.7227
0.8005
0.3612
-0.6124
-0.6361
-0.5267
0.0
-0.9168
0.9487
0.9102
0.0
0.0
0.0364
0.7269
0.6808
0.7579
0.8738
0.5106
0.5423
0.0
0.8508
0.7385
0.7845
0.7579
0.3612
0.4019
0.8334
0.8625
-0.2075
0.2263
0.1154
0.6705
-0.5932
-0.0516
0.0
0.0
0.7851
0.8596
0.3384
-0.1531
-0.0516
0.0
0.5106
0.0
0.4215
0.0
0.4215
0.7044
0.4927
-0.4767
0.0
-0.2617
-0.5583
0.5106
0.8808
0.5574
0.4019
0.821
0.3612
-0.8126
-0.9274
-0.7428
0.4597
0.3765
-0.4795
-0.886
-0.4738
-0.357
0.5423
-0.7893
-0.9099
-0.7732
-0.296
0.0772
0.128
-0.8271
0.0
0.0
0.631
0.0
0.0
-0.7964
-0.1725
0.4767
0.0
0.9566
0.8176
-0.5423
0.9081
0.97
-0.3499
-0.6124
0.3818
0.4939
0.0
0.2283
0.0
0.0
0.3818
0.0
0.5255
0.8934
0.7112
0.5927
-0.3549
-0.5837
-0.9559
0.0
-0.3818
-0.3612
-0.6705
0.4336
-0.0772
-0.4939
-0.7764
-0.4767
-0.5423
0.0
-0.8442
-0.5719
0.8185
0.0
0.8484
0.5647
-0.8687
-0.5574
0.0
-0.6245
0.5719
0.4297
0.0258
0.5106
0.7096
-0.128
0.0
0.981
0.4939
0.3612
0.6369
0.5187
0.3032
-0.6808
-0.3597
0.5549
0.0
0.5346
-0.5916
0.9542
0.0
-0.0258
0.8487
0.0
0.6369
-0.3612
0.9401
0.9671
0.5077
-0.9572
0.1779
0.34
0.25
0.0
0.2057
0.3818
0.1027
0.0772
-0.296
-0.7655
0.4148
-0.1689
-0.6293
-0.4236
0.2732
0.0
0.0
0.8052
0.6361
0.8122
0.8415
0.8122
0.4215
-0.4883
-0.5267
-0.396
0.8519
-0.3818
0.7469
0.7039
-0.7184
0.8271
0.0
0.6999
0.8834
0.0772
-0.9468
0.8839
0.0
0.8715
0.2124
-0.0516
0.128
0.8809
0.0258
0.9637
0.0
-0.6124
-0.0516
-0.0516
0.5859
0.7447
0.0
0.0258
0.578
-0.2263
0.0
0.0772
0.0
0.7199
0.7003
0.0
0.9489
0.1779
-0.0516
0.0
0.0
-0.0066
-0.6237
0.2263
0.0
0.743
0.8104
0.4939
-0.5346
0.1779
0.743
0.9245
-0.1027
0.9572
-0.6808
0.8883
0.9657
0.0
0.6412
-0.5719
0.9265
0.5574
0.6975
0.9342
0.2263
0.9597
0.9401
0.0
0.5574
0.7579
0.4927
0.8705
0.4576
0.7255
-0.3166
0.9217
0.9656
0.0
0.8519
-0.1154
-0.5994
0.2831
0.0
0.0
0.0
0.9011
-0.8021
-0.3114
0.0
-0.8032
-0.5423
0.6369
0.5434
0.0
0.0
0.0
0.6229
0.0
0.5719
0.0
0.0
-0.7783
-0.0516
-0.443
0.3919
0.0772
0.886
0.8205
0.0
-0.2216
-0.4588
0.8955
0.3182
0.9564
0.8016
0.128
0.6369
0.0
0.2263
0.0
0.0
0.4404
-0.0572
0.6369
0.8687
0.2023
0.0
-0.575
0.0
-0.4215
-0.5913
0.5994
-0.0345
0.6657
0.8135
0.9629
0.8977
0.8726
-0.4215
0.0
0.1561
0.4404
-0.4767
0.3612
-0.5023
0.0
0.4404
-0.1154
0.0
-0.4389
0.2732
0.4588
0.0
0.0516
0.4939
0.9376
0.4215
0.5279
-0.6124
0.0
0.47
0.9446
-0.7506
-0.9504
-0.747
-0.9329
0.8533
0.0
-0.4838
0.3804
-0.9497
0.4404
0.8268
-0.0056
0.4723
0.2732
-0.1531
0.6249
0.8951
0.4767
0.6504
0.918
0.9218
0.8476
0.9001
0.6059
0.7468
-0.296
0.6597
0.6973
0.8442
0.899
-0.0072
0.9398
0.5365
0.2617
0.8381
-0.4215
-0.3182
0.1689
-0.8072
0.0
0.1027
-0.3353
0.1027
0.25
0.6514
0.7351
0.0
0.5267
-0.8674
0.555
-0.9491
-0.7269
-0.8657
0.0
0.0
0.6369
0.4939
0.0
0.2732
0.631
0.8229
0.357
-0.63
0.0
0.7876
0.871
-0.5095
0.8176
0.6249
0.4926
0.9001
0.0
0.0
0.0
0.6808
0.09
0.0772
0.0
-0.0572
0.0
0.4215
0.8016
0.0
0.1779
0.0
0.0
0.6996
0.0516
0.4939
0.3089
-0.6369
0.6055
-0.2006
0.4819
0.8555
-0.5267
-0.296
0.0
0.0
0.25
-0.7579
0.5194
0.4215
0.8042
-0.7845
-0.9646
0.0
-0.6597
-0.8946
0.0
0.7825
0.8709
0.1779
-0.4767
0.8594
0.34
0.8561
-0.0516
0.0
0.8305
-0.8058
0.3182
0.4801
-0.6247
-0.6249
0.9022
0.9386
0.5106
0.0
0.8422
0.7783
0.0
0.8935
0.0
-0.25
-0.34
0.2023
-0.296
-0.4939
0.5593
0.9887
0.5275
0.1347
-0.6705
-0.9161
0.5106
0.0
0.0516
0.7717
0.9895
0.3597
0.9153
0.0
0.0516
-0.7717
0.0
0.461
0.7717
0.4118
0.0772
0.2263
-0.0011
0.0258
-0.2263
0.0
-0.6989
0.8271
0.5859
0.25
0.6597
0.0
0.4019
0.872
0.0
0.678
0.2263
-0.351
-0.5574
-0.7138
0.7783
0.5267
0.0
0.6369
-0.5988
0.0
0.2893
-0.4753
0.9214
0.9186
-0.1695
-0.526
0.4404
0.8088
0.8809
0.0
0.9616
0.9729
-0.8886
0.9439
0.3612
-0.5423
0.4939
0.6808
0.4939
0.9288
-0.8516
0.4308
0.0
0.3612
0.9131
0.8625
0.6997
0.9209
0.9038
-0.5605
0.6907
0.3612
0.6124
0.8519
0.6908
0.5994
0.0
0.0
0.25
0.1901
0.0
-0.296
0.8316
0.4767
0.3612
0.4215
-0.2111
-0.4404
0.3612
-0.6652
0.9826
0.8922
0.2263
-0.3182
-0.3814
-0.9151
-0.3182
0.1779
0.7876
0.6705
-0.3818
0.0
0.6486
0.6908
0.5859
0.9388
0.979
-0.5451
0.296
0.7579
0.4215
0.8341
0.8788
-0.743
0.8394
-0.7184
0.9429
0.4215
-0.886
0.0772
0.5256
0.0
0.9092
0.8214
0.9145
0.8589
-0.5709
0.8676
-0.8402
0.4404
0.9763
-0.296
0.4215
0.7964
0.7635
0.8316
0.6808
0.577
-0.296
0.079
0.9471
0.9821
0.624
0.4684
0.25
-0.6705
0.9536
0.4639
0.9313
0.0772
0.6124
0.6671
0.7096
0.9617
0.9232
0.6369
0.6299
0.6844
0.0
0.2584
-0.4019
0.0
0.4203
0.9859
0.9734
0.306
0.7351
-0.4019
0.9435
0.9944
0.9661
0.9702
0.7964
-0.4588
0.9231
0.443
-0.4675
-0.8502
-0.6369
0.695
0.6778
0.8781
0.7372
0.5574
0.7963
-0.5423
0.3612
0.0
0.1754
0.0
0.7845
0.5106
0.0
0.0
0.9305
0.0
-0.2296
0.0
0.3438
0.2244
0.0258
0.8614
0.6486
0.9291
0.7841
-0.1027
-0.1027
-0.0
0.9033
0.5499
0.4019
0.4588
0.4175
0.2732
-0.34
0.5994
-0.4767
0.1154
-0.4574
0.6239
0.9432
0.602
0.8689
-0.036
0.8316
0.4215
0.6605
-0.6369
0.2263
0.5563
-0.3024
0.8402
0.6486
0.0772
-0.296
0.3687
-0.0258
0.0
0.9178
0.4939
0.1406
0.8807
-0.0516
0.4195
0.6114
0.8253
0.6582
0.34
0.5574
0.6478
0.3749
0.7495
-0.5975
0.7269
-0.6124
0.5256
0.9
0.0237
-0.2481
0.2003
-0.4145
0.0
-0.4767
0.9199
0.4199
0.5707
0.0
0.8952
0.6372
0.1513
0.3618
0.8717
0.4201
0.7717
0.0
0.875
0.0
-0.2057
0.0
0.0
-0.3412
-0.7783
0.6705
0.3612
0.0
-0.2156
0.0
0.7777
-0.5093
-0.296
0.0
-0.25
0.0
0.5267
0.3612
0.8687
0.5106
0.9136
0.9481
0.398
0.4215
0.3612
0.2617
-0.3597
0.7147
0.2617
0.4576
0.969
0.7741
0.0
0.7096
0.7713
0.9757
0.1531
-0.0649
0.3612
0.7892
-0.5994
-0.5558
0.9442
0.1901
-0.0127
0.3716
0.5284
0.7684
0.1772
0.3612
0.9442
-0.5318
0.0
0.0
0.8748
0.9334
0.0
0.9707
0.8981
0.0
0.4222
0.6808
0.8519
0.9212
-0.2023
0.9537
0.3384
0.5411
0.296
-0.8294
-0.9669
-0.6486
0.2732
-0.4272
-0.9252
0.5285
-0.802
0.8393
-0.4019
0.0
0.3802
0.3949
0.6549
0.2433
0.3612
0.0
0.296
0.5984
0.7685
0.6834
-0.1531
-0.6714
0.0
0.0
0.0
0.0
0.8805
-0.4003
0.0
-0.4019
0.5984
0.0
0.0754
0.5213
0.9693
0.4939
-0.1139
0.0535
-0.25
0.0
-0.2755
0.0772
0.8625
0.9118
-0.1695
-0.296
0.2481
0.34
0.5267
0.2023
0.34
0.7144
0.0772
0.0
0.8531
0.0
0.9609
0.7574
-0.4215
0.5719
-0.7167
0.1779
-0.6848
0.0
0.2449
0.9349
0.8674
-0.4404
-0.2373
0.3909
0.8613
0.9042
0.7351
0.8955
0.9805
0.2023
0.0
-0.4023
-0.2044
0.807
0.0
0.5218
-0.3888
0.0516
0.9781
0.8714
0.9595
0.987
0.9313
0.9325
-0.25
0.0
0.4939
0.9856
0.8126
0.9042
0.7467
-0.34
0.902
0.6696
0.836
0.3612
0.0
0.7717
-0.7954
0.7689
0.0
-0.5095
0.7052
0.4019
0.0
-0.296
-0.549
0.716
-0.296
0.4215
0.0
0.7184
0.4767
0.0
-0.8294
0.5859
0.5349
0.5423
-0.4215
-0.7876
0.4576
-0.0624
-0.126
-0.0413
-0.7908
-0.8336
0.4939
0.0
-0.5106
0.0
0.3182
0.1979
0.6652
0.128
-0.4509
0.807
0.0
0.2716
0.0
-0.25
-0.3182
0.6908
0.7717
0.4404
0.128
0.9843
-0.3182
-0.34
-0.9407
0.976
0.6369
0.4939
0.0
-0.6249
-0.4767
0.8593
0.2263
0.5423
0.5499
0.0
0.34
0.4902
0.4939
0.3724
-0.6687
-0.5023
0.3612
0.1426
-0.3804
0.0
0.3182
0.5267
0.9081
0.2732
0.7481
0.0
0.931
-0.8765
-0.4573
0.2914
0.1901
-0.6243
0.5245
0.1027
0.9779
0.3818
0.8016
0.25
-0.4767
-0.1027
0.4767
0.25
0.7097
0.34
0.9584
0.8033
-0.34
0.2551
-0.0985
0.5106
0.0
0.0
-0.3071
-0.5574
0.6369
0.7465
0.8402
0.9299
0.803
0.6969
0.1189
0.0
0.8677
-0.1477
-0.3182
-0.1396
0.9263
0.3544
0.128
0.8176
0.743
-0.0516
0.0
0.8658
0.9151
0.9705
0.7269
0.631
0.2406
0.0
0.2263
-0.8765
0.0
0.3612
0.9042
0.8918
0.6812
-0.296
-0.357
0.9169
-0.2023
0.6237
-0.4215
0.0
0.8126
0.9052
0.0
0.8481
0.7346
-0.2023
0.0
0.1882
-0.0772
0.3182
0.9459
0.7537
-0.6808
0.3182
-0.6447
0.8277
0.6005
0.0
-0.7506
-0.6079
0.7506
0.9148
0.7964
0.8669
0.34
0.6496
0.5994
0.7783
0.6581
0.4102
-0.4767
0.0
-0.1776
0.6808
0.6966
0.994
0.0
0.0258
0.9795
0.0
0.0
-0.5562
0.2721
0.9817
0.8742
0.8201
0.9606
0.765
0.0
0.5106
0.3811
-0.7096
0.887
-0.4199
0.8834
0.5263
0.9802
0.8402
0.7715
0.2177
0.5118
0.7024
0.5945
0.959
0.908
0.6239
0.7759
-0.4253
-0.1531
0.8169
0.6778
0.0
0.9514
0.9625
0.0124
0.8311
0.5095
0.6597
0.0
0.9819
0.965
-0.3252
0.8208
0.0
0.8554
0.9231
0.9628
-0.1877
0.5267
0.9803
0.6249
0.8934
0.9583
0.6542
0.6705
0.1326
0.0
0.7269
-0.5707
0.8865
0.6908
0.7424
-0.5719
0.8402
0.0
0.0
0.0
0.0
0.4019
0.6082
0.5511
0.2732
0.4404
0.6124
0.0
0.0772
-0.1531
0.3415
0.5267
0.2263
-0.3557
0.5574
0.2262
0.3182
-0.75
0.0
-0.0772
-0.3612
0.4731
0.9587
0.5475
0.2716
0.9118
0.9884
0.7901
0.2725
0.0
0.7212
-0.0516
-0.126
0.0
-0.34
0.8793
0.765
0.9376
0.0
-0.0258
0.0
-0.7227
0.895
0.9168
0.9536
-0.6652
0.6786
0.9655
0.4767
-0.3883
-0.5704
-0.5859
-0.5158
0.6486
0.923
0.948
-0.2755
0.0
-0.4256
0.5417
0.4939
-0.296
0.5423
0.3361
0.0
0.6369
0.084
0.2975
0.6652
-0.1698
0.0
0.0
0.8409
0.0
0.0
0.0
0.0
-0.7003
-0.4768
0.0
0.4576
0.5149
0.9649
0.5532
0.0
0.6369
0.8748
0.5859
0.9066
0.5562
-0.7637
0.8439
0.4767
0.4019
0.2003
0.8814
0.0
0.8885
0.7906
0.6808
0.624
-0.5932
0.252
0.7311
-0.3708
0.0
-0.4939
0.0
0.0
0.0
0.0
0.8186
0.6478
0.296
0.2263
0.0
0.4939
0.6239
0.6124
0.5859
0.0
0.0
0.0
0.4404
0.2263
0.1877
0.891
-0.6124
0.3182
0.0
0.5859
0.0
0.6369
0.0
0.4696
0.7959
-0.7096
0.3612
0.4574
0.296
0.0
0.8201
0.9493
0.5673
0.0
0.0
0.2734
0.3862
0.8755
0.0
0.0
-0.5423
-0.8923
0.4588
-0.1734
0.1901
-0.5231
-0.3089
0.0
0.0
0.0
0.2263
0.3612
-0.5216
0.2584
0.8172
0.3612
0.6705
0.8271
-0.186
-0.7123
-0.836
0.8807
0.866
-0.8658
0.9287
0.8396
0.9398
0.4588
0.9689
0.9592
-0.2105
-0.5423
0.4678
0.8442
-0.5377
0.5316
0.6174
0.5023
0.34
0.6078
-0.5778
0.2263
0.9337
0.7096
0.0
0.5859
0.3612
0.7964
0.2023
0.9253
0.9612
0.9536
0.3818
0.9565
0.0
0.8225
-0.7308
-0.7469
0.0
-0.2263
0.0
0.7269
0.0516
-0.7422
0.8987
0.9599
-0.7178
0.6486
0.7783
-0.2023
-0.5106
0.4601
0.4788
0.9253
0.9274
0.9494
-0.3327
0.0
0.0
0.0
-0.1063
0.0
0.0
-0.4703
0.0
0.4939
-0.3612
0.9683
0.0
-0.9186
-0.8519
-0.4497
-0.6956
0.5859
0.9552
0.8793
0.891
0.0
-0.9745
-0.8565
-0.4404
-0.0108
-0.4215
-0.7003
0.0
-0.631
0.0
0.0
0.0
0.4939
0.4482
0.4497
0.3363
0.8176
0.5719
0.0
0.7976
-0.3348
0.4019
0.3291
0.9497
0.25
0.0124
-0.7536
0.9475
-0.2058
0.25
-0.8519
-0.4215
-0.6187
0.5799
-0.6753
-0.8847
-0.5719
0.0
-0.7964
-0.2098
0.0
-0.1449
-0.6124
-0.8618
0.9033
0.0
0.0
0.4939
-0.3612
-0.5187
0.0
0.0
0.0
0.3117
0.6694
0.5499
0.1759
-0.5504
0.0
-0.296
-0.3182
0.3612
0.0
0.3724
0.1531
-0.0516
-0.3818
-0.2732
0.224
0.0516
-0.5267
-0.4767
-0.2023
0.0
0.0
-0.8658
0.5859
0.8797
0.34
0.7964
0.9489
-0.8195
0.0
0.8658
0.3382
0.9387
0.0
-0.5809
-0.1695
0.0
0.7644
-0.775
-0.5423
0.0
0.5095
0.9721
-0.296
0.1739
0.3612
0.2001
0.9186
0.5574
-0.7954
0.5574
-0.5719
0.9287
-0.636
0.6249
-0.8957
0.4559
0.0
0.3818
-0.8016
-0.3818
-0.7791
0.3267
0.296
0.9328
0.4939
-0.8072
0.9017
0.7537
-0.5719
0.25
0.296
0.6891
-0.1451
0.34
0.296
-0.8655
0.5927
0.8407
-0.3595
-0.1027
0.3612
-0.5719
0.3978
0.2205
-0.2523
0.931
0.6059
-0.1027
-0.4296
0.7501
0.4019
0.296
0.0
0.2023
0.4588
-0.25
-0.2023
0.5499
0.0
-0.8512
0.0
0.3612
0.0
0.7028
0.3612
0.5531
-0.1531
0.806
0.69
0.9042
0.0
0.9605
-0.1027
0.0
0.1585
-0.8251
0.0
0.0
0.0
0.7049
0.6095
0.0
-0.2023
-0.4857
0.4574
-0.4228
0.0
0.0
0.1139
0.0516
0.0258
0.4005
0.4767
0.4215
0.7283
-0.4404
-0.8693
0.8172
-0.8345
0.6705
0.0
0.3182
0.4939
0.6898
-0.2263
-0.7184
0.0
-0.296
0.658
0.2738
0.8881
-0.2732
0.5255
0.0
0.1748
0.8555
-0.0286
0.2244
0.3612
-0.2732
0.8427
0.7987
0.7941
0.2651
-0.4588
0.9408
0.0
-0.7876
0.4404
0.8261
0.6908
0.3182
-0.6989
0.1779
0.8652
0.2617
0.5994
0.5994
0.0
0.9446
0.4577
-0.126
0.0
-0.4215
-0.1027
0.5696
-0.0719
0.9538
0.7357
0.9477
-0.6138
-0.0098
0.853
0.7296
0.6249
0.9873
0.9695
0.2732
0.6705
0.802
-0.2732
-0.7335
-0.3212
-0.2263
-0.6908
-0.2263
0.0
-0.0258
0.8555
-0.5267
0.899
-0.296
0.7219
0.0
0.9772
0.4323
0.9136
0.0129
-0.296
-0.1531
0.9325
0.788
-0.5631
0.9169
0.4404
-0.7184
-0.7263
0.4019
0.9924
0.6808
0.7713
0.7821
0.4404
0.9958
0.9186
0.0186
0.9225
0.4588
-0.0258
-0.8465
0.891
0.7964
0.5574
0.8774
0.0
-0.4588
0.6597
0.8519
0.0
0.4404
-0.5371
0.8399
-0.7783
-0.4404
0.802
0.0
0.296
-0.9079
0.0
0.939
0.1406
0.9427
0.9212
0.4215
0.8779
0.5859
0.0
0.34
0.6908
0.3252
0.4218
0.68
0.9466
0.8522
0.1511
0.4767
0.5859
0.575
0.0129
0.6115
0.6041
0.8269
0.6696
-0.1695
0.4404
0.0
-0.3546
-0.4497
0.0
0.0
-0.2023
0.431
0.0
0.0
0.4199
0.821
0.9564
0.5423
0.705
0.8765
0.1753
-0.6774
-0.8944
0.4404
-0.3818
0.0
-0.4767
0.0
-0.4357
0.6249
0.8565
-0.1916
0.0
0.7206
0.9168
-0.0096
-0.4576
-0.5106
0.7906
0.7351
0.8422
-0.1901
0.533
0.5267
0.7196
0.9493
0.9941
-0.6834
0.0
0.7964
0.0444
0.4215
0.0258
0.9612
0.0
0.0
-0.2732
-0.8147
-0.8176
0.0075
-0.5996
0.8636
-0.1154
0.0028
0.1606
0.9161
0.5859
0.6808
0.0
0.4215
0.3182
0.0
0.3612
0.653
0.8979
-0.3291
0.7086
0.951
-0.135
0.8807
-0.9531
0.4939
0.7579
-0.0516
0.9121
0.9735
0.8402
-0.6369
-0.128
-0.8047
-0.8763
0.091
0.9895
0.993
-0.9361
0.6687
-0.0516
0.0
0.3645
-0.5284
0.6597
-0.3291
0.2732
-0.296
0.4748
-0.298
0.25
0.4939
0.7574
0.882
0.8316
0.9655
0.7351
0.4779
0.0
0.8935
0.6652
0.0
-0.5448
-0.6486
0.8462
0.9042
0.0
0.9448
0.046
0.0
0.0
0.5334
0.9364
0.8622
0.4748
0.4188
0.7906
-0.3252
-0.0258
0.8834
0.9136
0.6801
0.0
0.4939
0.3818
0.6467
0.0
0.4404
-0.5204
-0.7227
-0.0772
0.4588
-0.296
0.9652
0.8906
-0.0191
0.7755
0.2263
0.7808
0.9481
-0.8147
-0.296
0.6192
0.3182
-0.3182
-0.128
0.4389
0.4019
0.0
0.0
0.6808
0.7721
0.0
-0.1652
0.3595
0.7935
0.0
0.2003
0.9379
0.8519
0.0
0.34
-0.5216
0.5983
0.0
0.3384
0.0
0.3898
-0.1695
0.0
0.9439
-0.2427
-0.3164
0.0
0.0
-0.296
0.0
0.204
0.9187
0.0
0.0
-0.5256
0.2592
0.1695
-0.2706
0.6696
0.2244
0.959
0.0
0.0
-0.8762
0.5719
0.8998
0.9421
0.5838
0.68
0.0
0.34
0.7269
0.7807
0.7712
0.7949
0.0
0.0
0.4748
0.6486
-0.6309
0.9482
0.681
-0.1027
-0.3252
0.0
0.2235
-0.5499
0.2263
-0.982
0.5033
0.1941
0.3182
0.5859
0.8737
0.8727
0.0
0.8395
-0.6379
0.0
0.8147
0.0
0.0
-0.9031
0.3612
-0.9482
-0.2003
0.5719
0.6705
0.5106
0.4404
0.4391
0.0
0.6597
0.0
0.9633
0.936
0.0772
-0.5279
0.5994
0.0
0.8996
0.9681
0.8442
-0.7993
0.7602
0.3919
0.0
0.0
0.0
-0.2715
-0.1779
0.831
-0.0772
0.4767
0.7762
0.3612
-0.0772
0.4939
0.1779
-0.296
0.6597
-0.3818
0.4588
0.7124
0.6078
0.5267
0.8979
0.5423
0.9658
0.897
0.9495
0.0
0.4974
0.9153
0.8481
-0.7003
-0.631
0.5574
0.4019
0.5994
0.8271
-0.6808
0.2755
0.296
0.0
0.9573
0.7587
-0.2263
0.0
0.3818
0.0
0.8908
-0.25
0.0
-0.296
0.0
-0.4936
-0.4019
0.9117
0.2732
0.0
0.705
0.3612
-0.6784
0.3612
0.891
0.8134
-0.4215
-0.6249
-0.6985
0.3274
0.7316
0.892
0.3211
0.0
0.0
0.2732
0.6557
0.8844
0.0
-0.4588
-0.34
0.9953
-0.6452
0.9719
0.8625
0.8115
0.2537
0.1255
-0.8885
0.7096
0.5562
0.34
-0.8013
0.4215
0.0
-0.0062
0.4019
0.8957
0.2263
-0.2023
0.4588
-0.8625
-0.949
-0.6249
0.5868
-0.1864
-0.529
0.6908
-0.5688
0.0
0.7964
0.9538
0.5994
0.6813
0.7678
-0.2755
-0.0516
0.6369
0.78
0.0
0.3716
-0.3818
-0.802
-0.2263
0.0
0.743
0.8481
0.7807
0.1779
-0.343
0.0
-0.2302
-0.2023
0.0408
0.0
0.3284
0.0
0.8126
0.0
-0.7351
-0.8569
0.5662
0.8886
0.3911
-0.0745
-0.7594
-0.8225
-0.25
-0.5371
0.2942
0.0
0.3798
0.7086
0.0
-0.2755
-0.4939
0.8271
0.0
-0.1536
-0.4019
0.7783
0.8689
0.8658
0.6808
0.9169
0.0
0.0
-0.2874
0.6124
0.0
0.4215
-0.4137
-0.631
0.2732
0.7128
0.7574
-0.777
0.0
0.0258
-0.8757
0.6249
-0.8201
0.128
0.6124
-0.6124
0.5106
0.2732
0.2263
-0.2648
-0.4404
0.0
-0.802
-0.9758
-0.485
-0.2484
-0.5267
0.3818
0.7537
-0.6652
0.34
0.4939
0.1027
0.7469
0.5423
0.9109
0.0
-0.9569
-0.7269
-0.9235
-0.6304
0.0258
0.2584
0.6361
-0.5256
0.7155
0.8625
0.0
-0.7229
0.0
0.0
0.5267
0.0
0.3612
0.0
0.0
0.2382
0.0
0.5719
0.0
0.5974
-0.2755
0.3384
0.8421
0.7137
-0.7645
-0.7775
0.0
0.4059
0.0
-0.3595
-0.3182
0.8462
-0.7579
0.8964
-0.3054
-0.1901
0.3612
0.3384
0.0
0.0
-0.5927
-0.5445
0.6597
0.5842
-0.1386
-0.4767
0.6486
0.7579
0.2023
0.1065
-0.8625
-0.5267
-0.3224
-0.4767
0.6124
-0.7307
-0.8481
0.0
-0.5267
-0.6801
0.4709
-0.8885
-0.8573
-0.5551
0.2933
-0.296
-0.4019
0.4437
0.0
-0.484
0.9417
0.4019
0.6705
-0.0258
-0.296
-0.8625
0.1695
0.4939
0.0
0.1531
-0.0281
-0.234
0.0352
-0.7876
0.4754
0.0
0.0
0.0
-0.5106
0.4215
-0.1655
0.674
-0.4312
0.7701
-0.2755
0.0772
-0.1053
0.0772
0.8674
-0.2144
-0.4019
0.7269
0.5719
-0.4939
-0.5574
0.8619
-0.9088
0.5267
0.8822
0.5106
0.6732
0.7615
0.0
0.6052
-0.2732
0.7783
0.4391
0.0
0.3472
0.5563
0.5106
0.6652
0.0
-0.2472
0.0
0.6369
0.8781
0.6213
0.0
0.3182
0.1027
-0.5842
0.2732
-0.1779
-0.5403
-0.126
0.357
0.5598
0.7845
0.2709
0.4391
0.1901
0.9701
0.5411
0.2755
0.9538
0.0
0.0
0.3818
0.0
0.0
0.6505
-0.4184
0.9382
-0.5122
0.0
-0.5474
0.2732
0.5413
0.4939
0.8316
0.0
0.1011
0.2263
0.707
0.9538
0.9803
0.8442
0.9481
0.0
0.2732
0.7113
0.7781
0.9417
0.8326
-0.3612
0.0
0.25
-0.1531
-0.1027
0.024
0.4939
0.9707
-0.0516
0.5153
0.0
0.0
0.0
-0.34
0.0
-0.4019
0.0
0.4173
0.0
-0.5598
0.0
0.705
0.9638
-0.5574
-0.5859
0.0
-0.34
0.0
-0.4958
0.0
0.0
0.0
0.0
0.0
0.0
0.0
0.765
0.9773
0.128
-0.1779
0.2755
0.0
0.9505
0.5472
-0.5267
-0.0685
0.9446
0.9386
0.3612
0.3612
0.0
0.539
0.0772
0.3612
0.8439
0.9144
0.0
-0.926
0.6293
0.9294
-0.7096
0.9201
0.6249
-0.3182
0.7579
0.967
0.4767
0.9359
0.624
0.6731
0.0
0.3612
0.6124
0.3818
0.0
0.9748
0.0
0.5719
0.0
0.913
0.0
0.4215
0.8625
0.4881
0.0
0.2006
-0.3818
0.984
0.891
0.4404
0.1027
0.8807
0.9623
0.7184
0.296
0.8936
0.9555
0.8574
-0.5994
0.0
0.5588
-0.0518
0.9395
0.6996
0.9331
-0.7845
0.8653
0.674
-0.5423
0.0772
0.0
0.0
0.4404
-0.0803
0.0
0.0516
-0.9308
0.0
0.9882
0.0
0.9962
0.0
0.0772
-0.34
0.8555
0.3818
0.7088
-0.4019
0.7495
-0.2664
0.8979
0.7835
0.9412
0.5707
0.9802
0.5994
0.8619
-0.296
0.1168
0.6369
0.5994
0.6486
0.8885
0.0
0.3291
0.8439
-0.1178
0.9875
0.9905
0.7496
0.9922
0.0
0.8999
0.2244
0.8225
0.8316
0.0
0.0
0.4215
0.0
0.0
0.25
0.0
0.0
0.0
-0.486
0.0
0.0258
0.6625
0.9201
0.5127
0.8792
0.9628
0.2008
0.9735
0.0
-0.5994
-0.5562
0.4404
0.8908
0.4588
0.0
0.0
0.4215
0.8621
0.2194
0.5574
0.7787
0.5994
0.9403
-0.0974
0.6369
0.9849
-0.6662
0.4404
0.7106
0.1431
-0.1531
0.0
0.8519
0.0603
0.0772
0.872
0.4082
-0.5574
0.0
0.7003
0.9153
0.9913
0.935
0.8316
0.8516
0.9904
0.8599
0.3098
0.0
0.875
0.9406
0.6956
0.7645
0.6908
0.9668
0.0
0.959
0.872
0.0
0.4749
0.3182
0.5787
-0.4585
0.6597
-0.4767
0.0
0.2732
0.0772
0.0216
-0.4585
0.4927
0.6908
0.0
0.6948
0.1779
0.0
-0.5627
-0.4576
0.0
0.0
-0.7564
0.1027
0.4215
0.0
0.0
0.0
0.7003
-0.6346
0.5622
0.0
0.0
0.0
0.5983
0.0734
0.0
0.8885
0.9568
0.6808
-0.3612
0.0
0.6249
0.5845
-0.0516
0.6369
-0.2732
0.0
0.7845
0.0
0.8051
-0.0772
-0.2732
0.0
0.978
0.9595
0.0644
0.8271
0.9775
0.9789
0.9556
0.807
0.6249
0.9559
-0.296
0.5423
0.0
-0.4019
0.8555
0.0
0.0
0.0
0.25
0.0
0.0
0.4939
0.4771
0.1531
0.891
-0.0286
0.4588
0.2896
0.6369
0.9287
0.0
-0.8442
0.8519
0.875
0.0
0.0
0.5267
0.25
0.4019
0.7019
0.836
0.0
-0.4404
0.3869
0.923
0.0
0.4215
-0.2732
0.5267
0.7425
0.9832
0.9498
0.1027
0.9118
-0.2124
0.3818
0.0
0.9042
-0.4449
0.0
-0.3553
-0.1027
0.7345
0.0
0.0
0.0516
-0.4389
-0.2406
-0.3612
0.8316
0.8079
0.0
-0.2124
0.0
-0.4019
0.6705
-0.7619
-0.1027
0.0
0.8411
-0.296
0.0
0.0
-0.7096
