0.025
0.14285714285714285
0.0
0.18186274509803924
0.0
0.1
0.225
1.0
0.0
0.4
0.21428571428571427
0.4
0.015000000000000003
-0.03766233766233767
0.2
0.0
0.35
0.15666666666666665
0.3
-0.2
0.19999999999999998
0.019999999999999997
0.225
0.10434027777777778
-0.2
-0.1
-0.2125
0.0
0.11222222222222222
0.5
0.15999999999999998
0.13964714714714715
0.5
0.14305555555555555
-0.04285714285714285
-0.024999999999999994
0.49333333333333335
0.1
0.25
-0.057499999999999996
0.0
-0.016666666666666666
0.0
0.0725
-0.17500000000000002
0.0
0.04066666666666667
0.11666666666666665
0.2
0.11875
0.16327160493827161
-0.06770833333333334
-0.008333333333333331
0.02812500000000001
0.1361111111111111
0.1990740740740741
-0.004391804070112889
0.016666666666666653
0.15
0.275
0.13749999999999998
0.07244897959183673
-0.06597222222222222
0.1261574074074074
0.21999999999999997
-0.05000000000000001
0.1611111111111111
0.175
-0.13968253968253969
0.07678571428571428
0.1047453703703704
0.0
0.0837820512820513
0.11916666666666667
0.0
-0.025
-0.1875
0.2516233766233766
0.0
-0.1875
0.05277777777777776
0.0775
-0.1625
0.2375
0.35331439393939396
0.03333333333333333
0.6
0.16785714285714287
0.08541666666666667
0.020833333333333332
-0.0625
0.26666666666666666
0.004761904761904745
0.09523809523809523
0.12016184573002757
0.25
0.12546897546897545
-0.06666666666666667
0.025223214285714293
0.10138888888888888
0.15
0.10476190476190476
0.22000000000000003
-0.002777777777777777
0.16796343537414968
0.6
0.016666666666666666
0.625
0.07333333333333333
0.0
0.028333333333333332
0.5
-0.09687499999999999
0.7
0.0
0.340625
0.0
-0.0625
0.04
0.20833333333333334
0.019345238095238092
0.3666666666666667
0.0
-0.12142857142857144
0.28611111111111115
-0.16666666666666666
0.0
-0.13333333333333333
0.0
0.7
0.1461538461538462
0.0
0.875
0.0
-0.5
0.0
-0.15
0.55
-0.15555555555555556
0.4
0.0
-0.17777777777777778
-0.039999999999999994
-0.125
-0.13333333333333333
0.11875
0.13055555555555556
0.2
0.2125
0.019791666666666666
0.5
0.6
0.07678571428571426
-0.14375
0.2
0.24453125000000003
0.0
0.33906250000000004
0.5
0.0
0.09375
0.2
0.0
0.23809523809523808
0.0
0.0
0.0
0.125
0.08333333333333333
0.19374999999999998
0.48333333333333334
0.5083333333333333
0.2
0.1
-0.20000000000000004
0.11577380952380951
-0.029166666666666674
-0.3
-0.16666666666666666
0.35
0.0
-0.03035714285714286
0.02250000000000001
0.13368055555555558
-0.11666666666666665
0.4
0.0
-0.025
-0.25416666666666665
0.044836093857832986
0.012499999999999983
0.20000000000000004
0.0
-0.3933333333333333
-0.07013888888888888
0.4222222222222222
0.26136363636363635
0.16875
0.375
0.08611111111111111
0.23265306122448978
-0.23125
-0.1
0.25
0.28171296296296294
-0.15833333333333335
0.11875
0.0
0.0
0.0062500000000000056
0.049206349206349205
0.07142857142857144
0.25666666666666665
-0.12222222222222223
0.15833333333333333
0.0
-0.03333333333333333
0.0712406015037594
0.0062500000000000056
-0.0125
0.11488095238095238
0.2785714285714285
0.3033333333333333
0.7
0.26666666666666666
0.7
0.0
-0.022222222222222216
0.07574404761904761
-0.35555555555555557
0.1
0.5
0.25
0.0
0.5166666666666667
0.2857142857142857
0.0
0.21363636363636362
-0.15185185185185185
0.21666666666666667
0.0
0.0
-0.11833333333333336
0.4
0.0
0.0
-0.7
-0.010317460317460309
-0.21558441558441563
-0.7
0.24374999999999997
0.0
0.15
-0.019583333333333335
-0.6
0.0
0.09999999999999998
0.0
0.0
-0.6666666666666666
-0.03333333333333333
0.5
0.17500000000000002
0.07272727272727272
0.225
0.0
0.2
0.1571428571428571
-0.06041666666666667
0.3055555555555555
0.0666666666666667
0.046309523809523814
0.3111111111111111
-0.18333333333333335
0.0625
0.8
0.13240740740740742
-0.015151515151515152
0.0
0.25
0.012180243998425816
0.19999999999999998
-0.14375
-0.7999999999999999
0.0
0.0
0.1747933884297521
0.0
0.16458333333333336
-0.02500000000000001
0.1464285714285714
0.725
0.3111111111111111
0.15
0.45
0.0
0.03333333333333333
0.8
0.020833333333333356
0.10888888888888888
0.2833333333333334
0.21944444444444441
0.125
-0.05987654320987653
0.2
-0.16666666666666666
1.0
-0.033835807050092766
0.05555555555555556
0.19999999999999998
0.25
0.2759259259259259
0.27222222222222225
0.10500000000000002
0.016666666666666666
0.3
0.1
-0.06428571428571428
-0.07500000000000001
-0.0774621212121212
0.11666666666666665
0.07999999999999999
-0.2
0.33061224489795915
-0.4
0.175
0.0
-0.13888888888888887
0.00833333333333334
0.08333333333333334
-0.09375
-0.4458333333333333
0.37777777777777777
0.5
0.37878787878787873
-0.5
0.8
0.05
0.0
0.0
0.09722222222222222
0.5
-0.21428571428571427
0.03333333333333333
0.2222222222222222
0.0
0.0
0.22499999999999998
0.0
0.5
0.25
0.15
0.0
0.25
0.08333333333333333
0.0
0.0
0.19166666666666665
-4.625929269271485e-18
0.31
0.05
0.04761904761904761
0.0
-0.15555555555555556
-0.07777777777777778
-0.3
0.0
0.31249999999999994
0.044444444444444446
0.13087121212121214
0.053125
-0.10022321428571429
0.027561909416748118
0.10666666666666666
-0.012499999999999997
0.15639097744360902
0.1547348484848485
-0.04907852564102565
0.03541666666666667
0.047500000000000014
0.3666666666666667
0.030357142857142857
0.0178030303030303
0.0
0.042499999999999996
0.032
-0.17500000000000002
-0.03729166666666669
0.024715909090909087
0.0
0.7
-0.03952380952380953
-0.25
0.22916666666666666
0.06874999999999998
0.5
0.1357142857142857
0.12875
0.037084942084942084
1.0
-0.25
0.5
0.06666666666666665
-0.1875
-0.3
-0.07500000000000001
-0.395
0.0
0.0
-0.20859375
0.0
-0.125
-0.4
0.7
0.5
0.0
-0.05
-0.15
-0.20089285714285715
0.0
0.0
-0.2
-0.203125
0.0
0.0
0.0
0.0
0.0
0.10833333333333332
0.103125
0.0
-0.041666666666666664
-0.10833333333333334
0.7366666666666667
0.03214285714285714
-0.45
0.26666666666666666
0.0
0.1875
-0.07500000000000001
0.0625
0.0
-0.17708333333333331
0.1
0.1229166666666667
0.31280303030303036
0.0
0.09581632653061224
0.0
0.25
0.0
0.08854166666666667
0.0869047619047619
0.24785714285714286
0.22371031746031747
0.13999999999999999
0.26666666666666666
0.1294246031746032
0.13819444444444448
0.05681818181818184
0.0
0.05833333333333333
0.2916666666666667
0.0
0.02875
0.11875
0.012072649572649589
-0.01016156462585034
0.0066666666666666706
0.04232142857142858
0.09166666666666667
0.18125
0.1627551020408163
0.0
-0.10000000000000002
-0.008333333333333331
0.35
0.13125
0.2
0.04523809523809524
0.12291666666666665
0.75
0.23166666666666663
0.020833333333333336
0.10156249999999999
0.025
0.09999999999999999
0.3566666666666667
0.29791666666666666
0.21166666666666673
0.0068681318681318715
0.07083333333333335
-0.09903846153846153
0.07916666666666666
0.2
-0.09375
0.0
-0.6999999999999998
-0.00625
0.2333333333333333
-0.10476190476190476
-0.042499999999999996
0.04940476190476192
0.25416666666666665
0.08333333333333333
0.06346153846153846
-0.15625
0.0418452380952381
0.22651515151515156
0.0
0.0
-0.09090909090909091
0.07272727272727274
-0.0875
0.0
-0.15
-0.2
0.24290123456790125
0.13953823953823954
0.2111111111111111
0.0
0.11607142857142858
0.10671296296296295
0.0
0.0062500000000000056
-0.1
0.0725
0.0
-0.10714285714285714
0.0380952380952381
0.0
-0.3
0.08687499999999998
0.125
0.13636363636363635
0.3
0.10479166666666666
0.25
0.25
-0.05
0.28409090909090906
0.1263888888888889
0.15
0.0
-0.002678571428571433
0.09
0.09659090909090909
0.0
0.4
0.2333333333333333
0.0
0.0
0.0
-0.09375
0.01944444444444445
0.2
0.18125
-0.25
0.13999999999999999
0.475
0.0
-0.22222222222222224
0.8
0.06022727272727272
0.2583333333333333
0.0
0.2630952380952381
0.15833333333333333
0.2972222222222222
0.0
0.25
0.0
-0.125
0.0
0.1
0.0
0.0
0.4666666666666666
-0.11944444444444445
0.18273809523809526
0.2125
0.3
-0.09999999999999999
-0.17500000000000002
1.0
0.5333333333333333
-0.075
-0.41666666666666663
0.1
0.0
0.22916666666666666
0.6
0.0
0.0
-0.1875
0.8
-0.9
0.1775132275132275
0.16994949494949493
0.0
0.0
0.0
-0.14166666666666666
0.034999999999999996
-0.25
-0.8
-0.08
-0.375
0.0
0.1525
-0.016666666666666666
0.12433862433862435
0.0
0.1111111111111111
0.0
-0.1074074074074074
0.21587301587301586
0.0
0.12128851540616245
0.36726190476190473
0.057142857142857155
0.1720238095238095
0.011666666666666665
0.1403311965811966
-0.05000000000000001
-0.08854166666666666
0.0
0.22575757575757577
0.14565217391304347
0.0
0.275
0.03303571428571428
0.16388888888888895
0.012500000000000004
0.4
0.21212121212121213
0.13636363636363635
0.015056022408963591
-0.20982142857142858
0.25
0.246875
-0.0869047619047619
0.185
0.023660714285714285
0.07827380952380951
0.014285714285714282
0.3714285714285714
-0.1708333333333333
-0.1
0.05
-0.12592592592592594
-1.0
0.25833333333333336
-0.016666666666666666
0.23206845238095236
0.3
0.135
0.17222222222222222
-0.15
0.0
0.0
0.55
0.4583333333333333
0.3
0.0
-0.05
-0.1
0.10060606060606062
0.3375
0.5
0.0
-0.4833333333333332
0.3
0.2
0.3
-0.1875
0.20000000000000004
0.20714285714285713
-0.05714285714285714
0.0
0.25
0.41805555555555557
-0.06963869463869464
-0.26916666666666667
-0.125
-0.45
0.7
0.35
-0.08787878787878789
0.0
0.10833333333333332
0.1
-0.05208333333333333
-0.0625
0.012083333333333324
-0.02428571428571429
0.06731601731601732
0.0
0.20208333333333336
0.12857142857142856
0.23888888888888887
0.3551781551781552
0.38499999999999995
0.21277056277056278
0.10466269841269842
0.0
0.2727272727272727
0.7
0.6
-0.75
-0.16666666666666666
0.03235930735930736
-0.25
0.2660493827160494
9.25185853854297e-18
0.3
0.23958333333333331
0.22000000000000003
0.2
0.267687074829932
-0.325
0.44999999999999996
0.2
-0.2
-0.04007936507936508
0.0
0.0
0.3333333333333333
0.0
0.7
0.0
0.0
0.0
0.0
0.0
-0.1
0.0
0.13
-0.03253968253968253
-0.5
-0.021428571428571425
-0.7
0.0
0.3
-0.6
0.0
-0.0062500000000000056
-0.3
0.36916666666666664
0.0
0.5666666666666668
0.0
-0.125
0.1490909090909091
0.028787878787878782
0.0
-0.1875
0.0
0.0
0.0
0.0
1.0
0.1
0.030952380952380953
0.041145833333333326
0.0
0.1299707602339181
0.09333333333333335
0.024999999999999994
0.0
0.5
0.44000000000000006
0.17857142857142858
0.24635416666666665
0.20416666666666666
-0.125
0.025
0.0
-0.07047619047619047
0.125
0.2611111111111111
-0.105
0.0
0.0
0.1366161616161616
-0.19444444444444445
0.0
0.0
-0.14583333333333334
0.1
-0.2125
0.25
0.0
0.03125
-0.05
0.0
-0.4
0.1
0.15000000000000002
0.26948051948051943
0.0
0.0
0.0
0.26785714285714285
-0.125
0.35
-0.1875
0.0
0.09442857142857143
-0.19999999999999998
0.26031746031746034
0.0
-0.19722222222222222
0.1125
-0.044444444444444446
0.2333333333333333
0.0
0.0
0.3
-0.10714285714285714
0.125
0.5125
0.45
0.3333333333333333
-0.29999999999999993
0.0
0.20714285714285713
0.13333333333333333
0.6499999999999999
0.14583333333333334
-0.053125
0.0798611111111111
0.0
0.16666666666666666
0.8
0.353125
0.09523809523809523
0.09166666666666667
0.15833333333333333
0.0
0.39999999999999997
0.25
0.23928571428571427
0.1
0.025000000000000005
0.125
-0.35
0.35
0.4
0.4481481481481482
-0.27
-0.0937878787878788
0.0
0.3013888888888889
0.35
-0.13125
0.0
0.303125
-0.0625
0.7
0.09
-0.13333333333333333
-0.7
-0.19166666666666665
0.19404761904761902
0.35520833333333335
-0.2
-0.2916666666666667
0.0
-0.5
0.5
0.08250000000000002
0.04635416666666667
0.21666666666666667
0.0
-0.02999999999999999
0.041666666666666664
0.0
-0.01870748299319726
-0.027380952380952377
0.01354166666666668
0.1
0.125
-0.016666666666666663
0.4666666666666666
-0.030952380952380953
0.5666666666666668
0.175
0.25
-0.25
0.2
0.007142857142857147
0.027500000000000014
0.3
0.1375
0.06666666666666668
0.375
0.21674107142857144
0.16666666666666666
-0.07055555555555557
0.7
0.35
0.6
0.08611111111111114
-0.05
0.0
-0.16666666666666666
-0.033333333333333326
-0.040476190476190464
-0.04999999999999999
0.375
0.20625
0.0
0.04
-0.09375
0.24000000000000005
-0.1875
0.07285714285714286
0.07526455026455027
0.65
-0.2
0.0
-0.08333333333333333
0.1866666666666667
0.03333333333333333
0.21999999999999997
0.3
0.2916666666666667
0.2875
-0.17152777777777778
0.0659090909090909
-0.224025974025974
-0.10375000000000001
-0.05
0.26140109890109886
0.08839285714285715
-0.041964285714285725
-0.09523809523809523
0.0
0.175
7.93016446160826e-18
-0.125
0.019999999999999997
0.0625
0.2
-0.4703571428571428
-0.07373737373737373
0.0
0.0
0.26666666666666666
0.0
-0.125
-0.09999999999999998
0.2333333333333333
0.39999999999999997
0.0
0.23240740740740742
0.25000000000000006
-0.5305555555555556
0.225
0.07064102564102565
-0.071875
0.0
0.0875
0.0
-0.08333333333333333
0.4166666666666667
0.0
-0.08333333333333333
0.12666666666666665
0.025
0.0
0.073015873015873
-0.07314814814814814
0.13333333333333333
-0.1244212962962963
-0.26666666666666666
-0.08888888888888889
0.0625
0.0
0.6
0.1
0.25
0.19999999999999998
0.2555555555555556
0.05
-0.06999999999999999
0.0
0.0
-0.49375
-0.2333333333333333
0.15119047619047618
0.05
-0.031227106227106227
0.18124999999999997
-0.1111111111111111
-0.0739010989010989
-0.027083333333333348
-0.06984126984126983
0.32222222222222224
0.16461038961038962
0.0
0.15000000000000002
0.4666666666666666
0.0
0.05
-0.051620370370370386
-0.1
0.3
0.25
0.1
-0.14583333333333334
-0.175
0.11249999999999999
0.14074074074074072
0.0
0.7
0.38333333333333336
0.13645833333333335
0.0
0.275
0.004270833333333335
0.0
0.1
0.1
0.17300000000000004
0.17750000000000002
0.2
0.0537037037037037
0.8
0.017857142857142873
0.14375
0.034375
0.0
0.0
-0.125
0.14444444444444446
0.2
0.7
0.11285714285714285
0.2
0.6
0.17777777777777778
0.21666666666666665
-0.14375
0.16666666666666666
0.03188271604938272
0.3375
0.303125
0.22499999999999998
0.33388888888888885
-0.06481481481481481
-0.428125
-0.7
-0.05740740740740741
0.21111111111111108
0.3
-0.010000000000000009
-0.12678571428571422
0.0
-0.5
0.0
0.3875
0.0925
-0.010714285714285714
-0.022
0.2964285714285714
0.0
0.46666666666666673
0.0
-0.0625
0.225
0.03257575757575758
0.0
0.0821334089191232
0.03437499999999999
0.09642857142857142
0.0952991452991453
0.0
0.8
-0.021875000000000006
-0.1875
-0.043452380952380944
0.02888888888888889
0.0
0.004166666666666673
0.22999999999999998
0.11785714285714285
0.1357142857142857
-0.12569444444444444
-0.0125
-0.0005208333333333454
0.0
0.4
-0.05
0.0
0.09666666666666665
0.043055555555555555
-0.029166666666666664
0.2
0.15069444444444444
0.04675324675324675
0.5
0.052306547619047614
-0.0625
0.04930555555555556
0.0808673469387755
0.1625
0.40297619047619043
0.2020833333333333
0.25005291005291
0.04285714285714285
0.06
0.25625
0.224537037037037
-0.014722222222222232
-0.125
0.07595238095238095
0.2861111111111111
0.09999999999999998
0.07289915966386552
0.34
0.0
0.05
0.0
0.025
0.10873015873015875
0.5
0.04999999999999999
0.16583333333333333
0.0635989010989011
0.30416666666666664
-0.1
0.8
-0.0642857142857143
-0.00833333333333334
0.6000000000000001
0.0
0.0
0.4
0.016666666666666663
-0.0196969696969697
0.0
0.0
-0.3958333333333333
0.0
0.5
0.010416666666666671
0.0
-0.05
0.2
-0.021428571428571425
0.0
0.06674297924297924
0.0
0.2857142857142857
-0.075
0.25
-0.134375
0.18095238095238095
0.2375
0.25
0.05476190476190474
0.35
-0.20634920634920637
-0.06590909090909092
0.30666666666666664
0.5
0.2875
0.3
0.0
0.0
0.0
0.0
0.0
0.0
0.2857142857142857
0.3333333333333333
0.0
0.0
0.2
-0.125
-0.08148148148148149
0.0
0.2388888888888889
-0.12142857142857143
0.016666666666666677
-0.35
0.13901515151515154
0.20000000000000004
0.4583333333333333
0.11145833333333335
0.19652777777777777
0.25
-0.016666666666666666
-0.1466666666666667
-0.071875
-0.109375
0.32222222222222224
0.10000000000000002
0.0
-0.03888888888888889
-0.08703703703703702
0.0
0.0
0.12440476190476193
0.15
0.05
0.10416666666666666
-0.0603546626984127
0.06620370370370371
0.0
-0.05111111111111112
0.00416666666666667
0.0
0.09166666666666667
-0.021527777777777774
-0.6999999999999998
-0.06000000000000001
-0.0125
-0.016666666666666646
0.03928571428571427
-0.12187500000000001
0.06176739926739927
0.6
0.0005666666666666626
-0.0375
0.09833333333333333
-0.125
0.1142857142857143
0.0465277777777778
0.0625
-6.938893903907228e-18
0.19208333333333333
-0.016666666666666666
0.15
0.24375000000000002
0.18636363636363634
0.35
0.0
0.06000000000000001
0.43333333333333335
0.0
0.0
0.11666666666666668
-0.14166666666666666
-0.4
0.175
0.18333333333333332
0.0
-0.14583333333333334
0.0993421052631579
0.0
0.1
-0.13333333333333333
-0.16999999999999998
0.0
-0.625
0.35714285714285715
-0.023214285714285708
-0.22000000000000003
0.1375
0.15216049382716054
-0.15
-0.09791666666666667
0.12000000000000002
0.1
-0.021041073124406458
-0.2
-0.4
0.0
0.05
0.05099206349206349
0.0
0.0
-0.4
0.16666666666666666
-0.02222222222222222
-0.2125
-0.13333333333333333
0.0
0.08482142857142858
0.296875
-0.59375
0.375
-0.14375000000000002
-0.05
0.7
0.0
0.0
0.6
0.35
0.08333333333333333
-0.09583333333333333
0.25
0.0
0.0
0.6
-0.09583333333333333
0.0
-0.2777777777777778
-0.021875
0.0
0.2708333333333333
0.0
-0.016666666666666663
-0.2
-0.19999999999999998
0.16
-0.11666666666666668
0.3333333333333333
0.2
-0.2916666666666667
0.1
0.0
0.0
-0.25
-0.15
0.0
0.35
-0.05583333333333333
-0.27
-0.2630952380952381
0.0
-0.43333333333333335
-0.24999999999999997
0.0
-0.4749999999999999
0.39999999999999997
-0.3333333333333333
-0.03333333333333333
0.05532407407407408
-0.051388888888888894
0.10000000000000002
-0.5625
0.0
-0.4749999999999999
-0.9
0.43333333333333335
0.32592592592592595
-0.05248015873015873
-0.1358333333333333
0.2
0.10555555555555557
0.24814814814814815
0.0
0.1764957264957265
0.8
0.125
0.12833333333333333
0.0
-0.125
0.0
0.16666666666666666
-0.0225
0.016666666666666666
-0.08296296296296297
0.1570126488095238
0.0
-0.06377551020408163
-0.08
0.02976190476190475
0.2375
-0.046875
-0.12777777777777777
0.13639455782312923
0.24527777777777776
0.5
0.1288510101010101
-0.15555555555555556
0.04999999999999999
-0.175
0.0
-0.07857142857142858
0.6
0.07142857142857144
-0.01190476190476191
0.2875
0.1642857142857143
0.037500000000000006
0.025000000000000022
0.185
0.015364583333333329
0.35
0.7
-0.025
0.103125
0.0
0.16
-0.05
0.0
0.14615384615384613
-0.04166666666666666
-0.16562500000000002
-0.05500000000000001
0.0
0.24000000000000005
0.15000000000000002
0.5
0.2828936688311688
0.05338624338624343
0.0
0.19126984126984126
0.13333333333333333
0.05668402777777777
0.2122448979591837
0.0
0.03175213675213675
-0.5166666666666666
0.225
0.12142857142857141
0.0
0.23630952380952383
0.30625
-0.12142857142857143
0.21333333333333332
0.3
-0.3499999999999999
0.0
0.3333333333333333
0.3
0.21235827664399093
0.1982142857142857
0.17142857142857143
0.0
0.04999999999999999
0.22857142857142856
0.28
-0.06388888888888888
0.3333333333333333
0.11666666666666665
0.07
0.11064814814814815
0.0
0.15935374149659864
-0.004687500000000004
-0.125
0.65
-0.15555555555555556
0.078125
0.06749999999999999
0.10178571428571427
-0.10833333333333334
-0.15
0.018792517006802723
0.0
-0.13214285714285715
0.2
-0.04675925925925926
-0.12916666666666668
0.19166666666666665
-0.048214285714285716
0.2174107142857143
-0.011111111111111112
0.07261904761904762
-0.05555555555555555
0.11212121212121211
0.0875
0.11481481481481481
0.08186813186813187
-0.012727272727272731
0.031398809523809516
-0.125
-0.15000000000000002
0.22380952380952382
0.3
-0.014583333333333334
0.47692307692307695
0.21249999999999997
0.09999999999999999
-0.125
0.0
0.0
0.05386904761904766
0.06571428571428571
0.057499999999999996
0.07644736842105264
-0.16755050505050506
0.25069875776397516
0.0
-0.25
0.0
0.0
0.0
0.12916666666666668
0.028571428571428564
0.30509259259259264
0.22499999999999998
-0.2878787878787879
0.14154040404040405
0.0
0.7
0.14351851851851852
0.03125
-0.5
0.0
0.24
0.08015873015873017
0.0
-0.1875
0.0
0.24836309523809522
-0.09375
0.1975
0.22499999999999998
0.05138888888888891
-0.022222222222222227
0.0
0.2664021164021164
-0.049999999999999996
0.24082251082251085
0.16742424242424242
0.3
0.0
0.2
0.3354166666666667
0.21904761904761907
0.25
0.1990740740740741
0.16742424242424245
0.060937500000000006
0.0
-0.25
0.5
-0.09047619047619049
0.24075963718820864
0.24458874458874458
-0.017857142857142853
-0.02589285714285714
0.18273809523809526
0.16230158730158728
0.3583333333333334
0.125
0.3333333333333333
0.5333333333333333
0.0
0.5
0.15
0.3
-0.046102292768959434
0.0
0.053125000000000006
0.2
0.14722222222222223
0.18852813852813854
-0.04999999999999999
0.19791666666666666
0.0
0.0
-0.125
0.35000000000000003
0.0
0.4
0.35
0.0
0.2
0.07916666666666668
0.125
0.05000000000000001
0.0
0.1
0.5
0.0
0.21607142857142858
0.15
0.10297889610389607
0.21666666666666665
-0.125
-0.5
0.13333333333333333
0.0801984126984127
0.0
0.0
0.203125
0.7
0.0
0.0
0.06666666666666667
-0.5
0.033333333333333326
-0.29123376623376623
0.5619047619047618
0.35
0.550595238095238
1.0
0.0
0.23500000000000001
0.1925925925925926
0.2975
-0.03809523809523807
0.11666666666666665
0.9533333333333335
0.33
0.3041666666666667
0.3666666666666667
0.2825
0.0630952380952381
0.6
0.0
-0.25
-0.10000000000000002
-0.08333333333333333
0.04166666666666667
0.8
0.023593073593073596
0.1486111111111111
0.5
0.18333333333333335
0.35416666666666663
0.0
0.0
0.45
0.038888888888888896
0.225
0.0
0.7
-0.15555555555555556
0.19
0.43
0.125
0.021471088435374146
0.1708888888888889
0.0
0.0
0.0
0.1324045138888889
0.071875
0.17857142857142855
0.0
0.1748299319727891
0.5
-0.0375
0.1693181818181818
0.5916666666666667
0.5
0.40625
0.0
0.4166666666666667
-0.125
0.0
0.0
0.0
-0.16666666666666666
0.0
0.0
0.0
0.20625
-0.1875
1.0
0.1
-0.11666666666666667
0.1
0.0
-0.625
-0.3
0.2
0.0
0.125
0.15
0.05500000000000001
0.20357142857142857
0.16428571428571428
0.0
0.16666666666666666
0.05
-0.029365079365079365
0.3197916666666667
0.17857142857142858
0.09999999999999999
0.29204545454545455
0.1627551020408163
0.0
-0.025
0.12916666666666668
0.25727272727272726
0.3166666666666667
0.5
0.0
0.09999999999999999
0.4
0.05
0.12504995004995004
-0.25
0.06
0.0
0.1975
0.0913888888888889
0.0
0.15
0.36
0.25625
0.0
0.0
0.2895833333333333
0.5739062500000001
0.15625
0.5282738095238095
0.321875
0.5
0.10416666666666667
0.45
0.10357142857142858
0.021666666666666674
-0.13999999999999999
0.20833333333333334
0.1
0.0
0.0
-0.2749999999999999
-0.13625
0.0
0.21428571428571427
-0.3333333333333333
0.11666666666666665
0.25
-0.7142857142857143
0.35892857142857143
0.0
0.0
0.1875
-0.07476190476190478
0.32499999999999996
-0.22750000000000004
0.03125
0.024999999999999994
0.2857142857142857
0.2
0.18333333333333335
0.30999999999999994
0.04999999999999999
0.002747252747252756
0.0
0.0
0.0
0.0
0.09970238095238093
-0.0625
0.0
-0.4166666666666667
0.14
-0.24375000000000002
-0.19583333333333333
0.3576719576719577
0.13827160493827162
0.0
0.0
-0.0763888888888889
0.0
0.0
-0.033333333333333326
-0.05
-0.0625
0.28035714285714286
0.0
-0.11875
0.15625
0.008712121212121211
0.0
0.2833333333333333
0.10000000000000002
0.026884920634920633
0.0
-0.1875
0.0611111111111111
-0.12187500000000001
0.04228395061728395
0.041666666666666664
0.0
0.03333333333333333
-0.023214285714285708
0.12232142857142858
-0.08680555555555554
-0.016666666666666666
-0.042881944444444445
0.10208333333333335
0.1977513227513228
0.22500000000000003
0.075
-0.075
0.18306878306878305
0.0
0.325
1.0
0.26469780219780226
0.0369047619047619
0.0
0.0
-0.007499999999999995
0.25892857142857145
0.0
0.1375
0.8
0.08000000000000002
0.18611111111111112
0.20303030303030303
-0.00454545454545456
0.1947916666666667
0.35555555555555557
0.14489795918367346
-0.18333333333333335
0.0
0.16818181818181818
0.22033492822966508
0.0607142857142857
0.05833333333333333
0.07624999999999998
0.009999999999999998
0.13673469387755102
-0.1
0.39166666666666666
-0.1173611111111111
0.0
0.2333333333333333
-0.0470211161387632
-0.05
-0.15625
0.3333333333333333
0.271875
0.0
0.0
0.06818181818181818
-0.1875
0.15833333333333333
0.425
0.11111111111111112
0.0
0.12000000000000002
0.0
-0.125
-1.0
0.7
-0.10000000000000002
0.26
-0.15
0.03
-0.09761904761904762
0.025
0.125
-0.07272727272727272
0.07499999999999998
0.027500000000000004
-0.125
0.0
0.0
0.25
0.25
0.5
0.09285714285714286
0.0
0.0
0.07321428571428572
0.0
0.45
-0.125
-0.07500000000000001
-0.1
0.021428571428571446
0.5
0.3
0.0
0.03284313725490195
0.175
-0.09583333333333333
-0.16666666666666666
0.2642857142857143
-0.31851851851851853
0.25
0.05793650793650793
0.0
0.0
0.18714285714285714
0.2
0.03541666666666666
0.15625
0.0
0.43333333333333335
0.2
0.0
-0.2916666666666667
-0.34375
0.2
-0.17152777777777778
0.4
0.2
0.0
0.0
-0.1972222222222222
0.28129960317460323
0.0
0.04888888888888889
-0.09375
-0.05
0.004999999999999999
0.018750000000000003
0.625
0.275
0.05500000000000001
0.26666666666666666
-0.025
0.15876623376623378
0.09999999999999999
0.06666666666666667
0.0
0.0
-0.25
0.08333333333333333
0.09
0.0625
0.0
0.030612244897959186
0.19999999999999998
0.0
0.1802083333333333
-0.3125
0.14880952380952378
-0.0025000000000000022
0.0
-0.09375
-0.07500000000000001
0.15625
0.11
0.08666666666666667
0.11704545454545455
-0.09375
-0.027500000000000004
-0.08333333333333336
0.25
0.05
0.11562499999999999
0.015277777777777788
-0.3
0.47361111111111115
0.0
0.0
0.3
-0.2916666666666667
0.0
0.0
-0.03333333333333335
-0.016666666666666677
0.17613636363636365
0.5
-0.05416666666666667
-0.005357142857142854
0.0
0.18075396825396822
0.15535714285714286
-0.25
0.3
0.15499999999999997
0.0
0.10571428571428572
0.15625
-0.4
0.3
0.0
0.35000000000000003
-0.3125
0.0
0.5
0.5
0.25
0.3333333333333333
0.14
0.5
0.0
0.11333333333333333
0.3
0.0
0.3
0.21666666666666667
-0.1
0.25
-0.525
0.5
-0.045
0.0
-0.20416666666666666
0.07846153846153844
0.05535714285714286
0.06388888888888888
0.06999999999999999
0.2664285714285714
0.2125
0.36249999999999993
-0.1995535714285714
0.06170634920634921
0.1130952380952381
0.875
0.15
0.5
0.023809523809523808
0.05
0.09999999999999999
0.16448002754820934
0.0
0.0
0.45
0.0
0.0
0.05
-0.07886904761904762
0.46174242424242423
0.20984848484848487
-0.24166666666666667
0.13095238095238096
0.021666666666666674
0.0062500000000000056
0.2
0.2
-0.24603174603174602
0.45357142857142857
0.0
0.5333333333333333
0.05327380952380952
0.5
0.0
0.4625
0.03181818181818183
0.009523809523809521
0.3
0.25
0.0625
0.19999999999999998
0.875
0.4166666666666667
0.05071924603174604
-0.37499999999999994
0.43333333333333335
0.10476190476190476
0.5
0.23000000000000004
0.34895104895104895
-0.08333333333333333
0.23996212121212118
0.8
0.0
0.08333333333333333
0.10931372549019608
0.3821428571428571
0.11666666666666665
0.08645833333333333
0.1
0.07
0.1708333333333333
0.19166666666666668
-0.041666666666666664
-1.850371707708594e-17
0.17604166666666665
0.12291666666666669
0.46919642857142857
0.12694444444444442
0.0642857142857143
-0.22499999999999998
-0.3333333333333333
0.0
0.19318181818181818
0.1
-0.10857142857142858
0.18333333333333335
0.0
0.0
0.3875
0.0
0.09375
0.0
0.0
0.5
0.2
0.3229166666666667
0.15000000000000002
0.5
0.0
0.0
0.75
0.09166666666666667
-0.09999999999999999
0.35833333333333334
-0.21041666666666667
-0.09999999999999999
-0.13333333333333333
0.01483134920634922
0.25555555555555554
0.0
0.2
-0.5
-0.3
0.4
0.49444444444444446
-0.2111111111111111
-0.125
0.23714285714285716
0.15714285714285714
0.8
0.25
0.0
0.0875
0.0
0.3125
-0.033333333333333326
-0.2
0.09955357142857144
0.2
0.3115433177933178
0.0
0.16666666666666666
0.0
-0.25
0.6
0.356
0.13263478945297125
0.0
-0.060833333333333336
0.44062500000000004
-0.2
-0.35
-0.2333333333333333
-0.8
-0.75
0.7
0.0
0.3375
0.0
0.0
-0.34375
0.0
0.19999999999999998
0.0
-0.1875
0.0
0.0
0.0
0.27777777777777773
0.14444444444444446
0.16666666666666666
-0.2375
0.0
0.2
0.37777777777777777
0.0
0.0
-0.0666666666666667
-0.5
-0.31666666666666665
0.05291666666666667
0.0
0.06785714285714287
-0.028819444444444443
0.07651515151515155
0.015000000000000003
-0.44999999999999996
0.0
0.13711137347500985
0.7
0.10208333333333335
-0.03680555555555557
-0.0625
0.012499999999999997
0.0
0.5
0.6
0.425
-0.2
0.1636904761904762
0.3
0.25
0.21666666666666667
-0.03809523809523809
0.16145833333333334
0.2943452380952381
-0.033333333333333326
0.0
-0.24999999999999992
0.0625
0.04910714285714285
0.0
0.0
-0.07916666666666666
0.0
0.0
-0.8
-0.2
0.04375
1.0
0.1
0.7
0.2
0.0
0.0
-0.056249999999999994
0.6
-0.09375
0.3697916666666667
-1.0
0.033333333333333326
0.0
0.31666666666666665
0.0
0.32499999999999996
0.0
0.0
0.0
0.0
0.3333333333333333
-0.2
0.0
0.0
0.01041666666666667
0.04999999999999999
0.03125
0.0
0.25
1.0
-0.1875
0.1764814814814815
0.18333333333333335
0.25
-0.6999999999999998
-0.2
0.16666666666666666
0.3
0.1
-0.32499999999999996
-0.25
0.1375
0.0
0.0
-0.04999999999999999
0.0
-0.0625
0.0
0.013750000000000017
0.1
0.2333333333333333
0.7
-0.16595238095238096
0.057857142857142864
-0.1
-0.5
0.17916666666666664
-0.019999999999999997
0.25
0.65
0.24285714285714288
0.3375
0.11428571428571428
0.22666666666666666
0.0475
0.02500000000000001
0.07142857142857142
0.35
0.19374999999999998
0.12083333333333335
0.0
-0.15555555555555556
0.1898989898989899
0.4666666666666666
0.0
0.6
0.07373737373737374
-0.018518518518518507
0.05
-0.1875
0.03333333333333333
0.06666666666666667
0.4166666666666667
0.11000000000000001
0.1574074074074074
0.17954545454545456
0.0
-0.012499999999999997
0.0
-0.05
-0.07183333333333336
0.014285714285714282
0.0
-0.03224206349206349
-0.0875
0.2277777777777778
0.0
0.10404761904761903
0.4
0.12325757575757577
-0.05541666666666667
0.04166666666666668
0.08888888888888889
0.0
0.0
0.016666666666666646
0.16666666666666666
0.0
0.371957671957672
0.48750000000000004
0.03333333333333335
0.0
0.0
0.0
0.10714285714285714
0.0
0.125
-0.13333333333333333
0.0
0.1
0.03333333333333335
0.20357142857142857
0.0
0.07314814814814814
-0.125
-0.3
0.0
-0.26666666666666666
0.30511363636363636
0.020000000000000007
0.1386363636363636
0.0
-0.15681818181818183
-0.08003968253968255
0.0
0.04333333333333335
0.4
-0.15178571428571427
0.0
0.0
0.0
0.0
0.0
0.35
-0.025000000000000022
0.3
0.05833333333333335
0.4666666666666666
-0.06499999999999999
0.0
-0.0922077922077922
0.1361111111111111
-0.05166666666666666
-0.059999999999999984
0.10505050505050506
0.04431818181818181
-0.203125
-0.55
-0.038888888888888896
-0.09375
0.125
-0.325
0.0
0.1
0.3020833333333333
-0.08333333333333333
-0.06666666666666667
-0.5166666666666666
-0.2
-0.08541666666666667
0.22999999999999998
0.0
-0.1
0.15000000000000002
0.0
0.08571428571428572
0.0
0.0
0.0
0.2
0.0
0.0
-0.003968253968253977
-0.6
0.24404761904761907
0.25
0.1992857142857143
0.11041666666666668
0.0
0.0
0.0
-0.1
-0.125
0.19047619047619047
-0.25
0.18000000000000002
0.0
0.0
-0.1
0.012499999999999983
0.125
0.0
0.0
0.3
-0.2
0.0
-0.19090909090909092
0.0
0.34500000000000003
0.0
0.0
0.05833333333333334
0.13
0.0
0.01741071428571428
0.16666666666666666
0.14925595238095238
-0.19999999999999998
-0.24999999999999992
0.2
0.0
0.26704545454545453
-0.18571428571428572
-0.04999999999999993
0.0
-0.11805555555555554
0.23571428571428563
0.0
0.1
-0.07916666666666668
0.0
-0.16220238095238096
0.15
-0.8
0.3
-0.175
0.05000000000000001
-0.014583333333333337
0.6
-0.08888888888888889
-0.20000000000000004
-0.29296875
-0.125
0.0015625000000000083
0.11666666666666667
-0.004166666666666652
0.023611111111111093
0.30000000000000004
0.10430555555555554
0.12142857142857141
-0.15638888888888886
0.3125
-0.0986111111111111
-0.25
0.3666666666666667
-0.1875
0.25
0.04444444444444444
0.0
0.2333333333333333
-0.1708333333333333
0.0
0.225
0.0
0.0
0.05
-0.10185185185185185
0.3458333333333333
-0.11805555555555554
0.1875
0.3333333333333333
0.11805555555555557
0.13809523809523808
0.15729166666666666
0.16411564625850342
0.0
0.057272727272727274
1.0
0.0763888888888889
0.25
-0.25
0.056249999999999994
0.0
0.0
-0.024999999999999998
0.0
0.39285714285714285
0.0
0.03333333333333334
0.05000000000000001
0.05
-0.09999999999999992
-0.03302469135802469
0.0
0.08611111111111112
-0.15555555555555556
0.3594444444444444
0.0
0.0
0.07222222222222222
0.042438271604938266
0.0
0.3
0.0
0.3308035714285714
0.5
-0.1
0.0
-0.1
0.0
0.2
0.0
0.0
-0.05
0.05
0.0
0.3
-0.024999999999999994
0.8
0.21666666666666667
0.5
-0.5
-0.06666666666666667
0.12499999999999997
-0.11000000000000001
0.0
0.00416666666666667
-0.010000000000000004
0.0
-0.4000000000000001
0.4
0.0
0.0
-0.042857142857142864
-0.1125
0.05185185185185183
0.0
0.175
0.0
0.1625
0.24489795918367346
0.0031250000000000028
-0.05555555555555555
0.15
-0.11249999999999999
0.01604497354497354
0.1940476190476191
0.3333333333333333
-0.005357142857142858
-0.04999999999999999
0.13076923076923078
0.0
0.0
-0.125
0.2333333333333333
0.5
-0.0625
0.16666666666666666
0.0
0.1201923076923077
0.1
0.39999999999999997
0.4
0.0
0.33999999999999997
-0.1
0.10793650793650794
0.3181818181818182
0.203125
0.0
0.14062500000000003
0.18928571428571428
-0.038125000000000006
0.1361111111111111
0.2533333333333333
0.3504578754578755
0.11249999999999999
0.11904761904761905
0.047817460317460314
0.4
0.38159722222222225
0.45999999999999996
0.06949855699855699
0.2
0.475
0.07499999999999998
-0.11714285714285717
0.16366666666666668
0.2
-0.8
0.14545454545454548
-0.1875
0.0
0.3333333333333333
-0.03972537878787878
-0.09226190476190475
0.09166666666666667
0.03583333333333334
0.15000000000000002
0.07426767676767677
0.12285714285714286
0.10281385281385282
0.19999999999999998
0.012500000000000004
-0.06904761904761904
0.2757142857142857
0.37857142857142856
-0.09479166666666666
0.23285714285714287
0.8
-0.7
0.3
0.0
0.21778846153846151
-0.01980519480519481
0.3499999999999999
0.55
0.5
0.1713907785336357
0.22160493827160493
0.17554112554112555
0.07962962962962965
0.17500000000000002
-0.03714285714285715
0.32499999999999996
0.21875
0.0
-0.053125
0.5875
-0.09375
0.0
0.025
0.25
0.0
0.4
0.0
0.21666666666666667
-0.125
0.25
0.2591836734693878
0.25
-0.1
-0.06944444444444443
0.0
0.24642857142857144
0.09107142857142858
0.1735294117647059
0.2742788461538462
0.14375
0.11205357142857142
0.005952380952380959
0.05166666666666667
0.0
0.25
0.3
-0.041666666666666664
0.28988095238095235
0.9
0.12791666666666668
0.10833333333333332
0.2111111111111111
0.029166666666666674
0.05416666666666666
0.0
0.8
0.0
0.04000000000000001
0.22638888888888886
0.2
0.375
0.0
0.1645833333333333
-0.16666666666666666
0.0
0.0
-0.05
-0.6999999999999998
0.0
0.0
0.41666666666666663
0.3333333333333333
0.1266774891774892
0.2
0.00277777777777778
0.1875
0.25833333333333336
-0.04999999999999999
0.34545454545454546
0.11221590909090909
0.0
0.0
0.0
0.0
0.021428571428571432
-0.047619047619047616
0.175
0.0
0.15000000000000002
0.06999999999999999
0.7
0.2
0.26666666666666666
0.5
0.25
0.0725
0.45
0.16458333333333333
-0.059375
0.0
0.5
0.28809523809523807
0.12433965773809524
0.15625
0.5
0.08541666666666665
0.6
0.0
0.35
0.3535714285714286
0.0
0.0
0.0
0.08579545454545455
0.008333333333333318
0.175
-0.08333333333333333
0.21250000000000002
0.0
-0.18680555555555553
0.5
1.0
0.8333333333333334
0.4333333333333333
0.0
0.10625000000000001
0.0
0.2
0.0
0.36666666666666664
0.3375
0.049999999999999996
0.29545454545454547
0.23311688311688308
0.3666666666666667
0.6666666666666667
-0.07107142857142858
0.2
-0.004687499999999997
0.23888888888888885
0.1956845238095238
0.18700980392156863
0.15833333333333333
0.08685064935064936
0.0
-0.03928571428571428
0.1778409090909091
0.09722222222222222
0.012261284722222238
0.12925396825396823
0.019270833333333327
0.18365384615384617
0.24
0.05
0.275
0.044444444444444446
0.0
-0.05000000000000001
-0.029166666666666664
0.025
-0.009090909090909087
0.12792207792207794
0.0
0.04375
0.17708333333333331
-0.006730769230769236
0.33749999999999997
0.09087301587301588
-0.5
0.0666666666666667
-0.25
0.11435064935064936
0.6666666666666666
0.0
0.06666666666666667
-0.2
-0.05416666666666668
0.625
0.0
0.21500000000000002
-0.5
0.0
0.0
-0.07916666666666666
0.18888888888888888
0.3090909090909091
0.0
0.0
0.2
-0.3
0.0
0.26666666666666666
0.05043290043290044
0.17430555555555557
0.0
0.0
0.2333333333333333
0.625
0.0
0.175
-0.1958333333333333
-0.2777777777777778
0.0
-0.09722222222222221
0.18055555555555555
0.029365079365079365
0.23124999999999998
-0.3
0.325
0.1
0.2875
0.095
0.16666666666666666
0.0
0.3
0.12083333333333335
-0.16666666666666666
-0.06458333333333334
0.5222222222222223
0.0
0.0
0.0
0.4416666666666667
0.09101562499999999
-0.01999999999999999
-0.128525641025641
0.07500000000000001
0.1638888888888889
0.0
0.05000000000000002
0.14979967948717948
-0.5
0.0
0.0
0.5
0.12499999999999999
0.0
-0.0018518518518518452
0.0
-0.19166666666666665
-0.08333333333333336
0.0
0.15
0.85
-1.0
0.0
0.40625
-0.2
0.0
0.32499999999999996
0.23333333333333328
0.0
0.0
-0.04999999999999997
-0.265
-0.006666666666666664
-0.3236111111111111
0.3111111111111111
0.3571428571428571
0.06666666666666667
0.1
0.0
-0.22499999999999998
0.5
0.19166666666666665
0.06463675213675214
0.40625
0.40625
0.2857142857142857
1.0
0.018750000000000003
0.15555555555555556
0.25625
0.8
0.0
0.0625
0.037500000000000006
0.0
-0.07499999999999998
0.375
-0.275
-1.0
-0.0875
-0.09375
0.125
-0.06666666666666667
0.05000000000000002
-0.4
-0.325
0.19999999999999998
0.17222222222222222
0.45
-0.021851851851851862
0.4375
0.0
-0.022470238095238095
-0.15000000000000002
0.0
0.25
0.0
0.0
-0.06000000000000001
0.0
-0.007107843137254903
0.4166666666666667
0.4
0.24222222222222226
0.375
0.35
0.325
0.0
0.8
-0.125
0.28966942148760333
0.3166666666666667
0.13636363636363635
0.17
0.037142857142857144
-0.1875
0.26666666666666666
0.21083333333333332
0.5
-0.06718750000000001
-0.09375
-0.4
0.0
0.0
0.0
-0.009863945578231309
0.27499999999999997
0.1875
0.45
0.21428571428571427
0.22424948240165635
0.2
-0.04375
0.0
0.35
0.20555555555555557
0.21562499999999998
0.21250000000000002
0.0
0.065
-0.015416666666666672
0.0062500000000000056
0.1285714285714286
0.25
0.16666666666666666
-0.09568452380952382
0.09863945578231292
0.0
0.1434659090909091
0.6
0.10767857142857143
0.0
-0.06666666666666667
0.10714285714285714
0.2142857142857143
0.35
0.0
-0.07714285714285714
0.2
-0.03111111111111111
-0.1875
0.22592592592592597
0.08333333333333334
0.0
-0.025
0.25
0.0
0.039999999999999994
0.05
-0.1
-0.024999999999999994
0.075
0.40625
0.0
0.2916666666666667
-0.1875
0.0
0.13833333333333336
0.0
0.5
0.0
0.5
0.4291666666666667
0.0
0.003333333333333327
-0.030000000000000006
0.4375
0.7
0.11127450980392153
0.5
0.0
-0.25
0.09047619047619047
0.55
-0.041666666666666664
-0.25
0.1
0.0
0.1955522486772487
-0.6
0.06818181818181819
0.26666666666666666
0.2333333333333333
-0.0050000000000000044
0.0
-0.1708333333333333
0.06815476190476191
-0.175
0.0
-0.16666666666666666
0.10357142857142856
0.0
-0.1125
0.2166666666666667
0.3583333333333333
0.19999999999999998
0.0017857142857142932
0.13437500000000002
0.09999999999999998
-0.039999999999999994
-0.06666666666666665
-0.033333333333333326
-0.21999999999999997
0.0
0.2333333333333333
-0.15
0.0
0.7
0.19374999999999998
0.7
-0.2916666666666667
0.0
0.0
0.375
0.0
0.0
0.0
0.2119047619047619
0.6
0.16666666666666666
0.0
0.0
0.35
0.26666666666666666
0.103125
0.0
0.1375
0.0
0.1
0.10714285714285714
-0.15
-0.04375000000000001
0.0425
0.0
-0.02083333333333335
0.0
0.03125
-0.11785714285714284
0.071875
0.3
0.5
0.06888888888888889
0.04583333333333332
0.0
0.4
-1.0
0.0719155844155844
0.0
0.0
0.5
0.0
0.0
0.0
-0.03333333333333333
0.05
-0.12142857142857143
-0.125
-0.0033333333333333327
0.2333333333333333
-0.2
0.15
0.21428571428571427
0.0
-0.15555555555555556
-0.7
0.075
0.0
0.35
-0.3
-0.275
0.0
0.04999999999999996
0.0
-0.3
0.1
0.0
-0.17500000000000002
0.65
-0.24375000000000002
-0.02416666666666666
0.04999999999999996
0.0
0.325
0.0
-0.05
0.25
-0.05
0.0
0.0
-0.012247474747474748
0.016666666666666673
0.16666666666666669
-1.0
0.0
0.3125
-0.28125
0.18095238095238095
0.23333333333333334
-0.1875
0.16428571428571428
0.125
0.016666666666666663
0.0
-0.06428571428571428
-0.25
-0.2
-0.15
0.5
0.55
0.3
-1.0
0.35
0.7
0.0
0.375
-0.05
0.0
0.22727272727272727
0.00833333333333334
0.05
0.0
0.16666666666666666
0.2333333333333333
0.0
0.5166666666666667
-0.025
-0.009999999999999986
0.0
0.0
0.1
0.575
0.25
0.03541666666666667
0.0
0.45
0.04583333333333334
0.1
-0.4666666666666666
-0.037500000000000006
0.1866666666666667
0.29000000000000004
0.228125
0.0
0.125
0.0
0.0
0.0
0.0
0.05892857142857143
0.2
0.20664772727272726
-0.5
-0.16666666666666666
0.4025
0.16666666666666669
0.35
0.06666666666666667
0.0
0.0
-0.07499999999999998
-1.0
0.0
-0.0784090909090909
-0.475
-0.1
0.1
-0.125
0.08
0.0625
0.0
0.26
-0.19999999999999998
0.10467171717171718
0.0
-0.09345238095238095
0.5
0.0
0.14111111111111113
-0.16666666666666666
0.5
0.2225
-0.125
-0.05
0.0
0.0
-0.05
0.0
-0.05
0.11249999999999999
0.3875
0.0833333333333333
0.35
0.0
0.2
0.0
-0.55
0.4
-0.4
0.275
0.16666666666666666
0.60625
-0.033333333333333326
-0.05
-0.010185185185185179
-0.05
0.17092731829573937
-0.00535714285714287
-0.2
0.14285714285714288
0.0
0.5
0.0
-0.2200892857142857
0.07690476190476192
-0.021875000000000006
0.23785714285714285
-0.030000000000000006
0.49374999999999997
0.3
0.0
0.6875
-0.5
0.5
0.16
0.25
0.0
0.175
1.0
0.0
0.6
-0.041666666666666664
0.0
-0.0125
0.6333333333333334
0.033333333333333326
0.0
0.075
-0.1277777777777778
0.007142857142857142
0.0
0.0
0.13809523809523808
-0.18095238095238098
0.0
0.6
0.9
0.0
0.09999999999999999
0.0
0.20833333333333334
0.0
0.25
0.07152777777777777
0.0
0.0
0.4
0.5
0.025
-1.0
0.0
0.058571428571428566
0.0
-0.05
-0.37109375
0.2
0.325
-0.6666666666666666
0.175
0.0
0.17125
0.01785714285714285
0.3721212121212121
0.325
0.2258741258741258
0.11607142857142856
0.5
0.0
0.0
-0.07666666666666667
0.013624338624338624
0.13333333333333333
0.26875
0.0
-0.1
0.0
-0.03871527777777778
0.0
-0.4
-0.10625000000000001
0.18607142857142853
0.0
0.1571428571428571
-0.125
0.16666666666666666
0.0
-0.08333333333333333
0.0
0.025
0.0
0.29523809523809524
0.0
0.0
0.0
0.03675595238095238
0.16339285714285712
-0.011111111111111108
-0.42500000000000004
0.0
0.0
0.0
0.16111111111111112
-0.065
0.0
-0.06666666666666665
-0.6
0.6
0.1
-0.2
0.18749999999999997
0.22544642857142858
0.10000000000000002
-0.1453968253968254
0.0
-0.0625
-0.017500000000000005
0.10714285714285712
0.0
0.12803030303030302
0.2479166666666667
0.25
0.03333333333333335
0.16666666666666666
0.19999999999999998
0.16666666666666669
0.18
0.2
0.19999999999999998
0.24722222222222223
0.0
0.2333333333333333
0.45
0.22878787878787882
0.1
0.225
-0.008333333333333331
-0.25
0.07689393939393939
0.04
0.0
0.3007142857142857
0.35428571428571426
0.10476190476190475
0.1
-0.04083333333333333
0.0375
0.04687499999999999
0.0
0.15249709639953543
0.0
0.04365079365079364
0.0
0.18418367346938774
-0.2
0.17777777777777773
0.2333333333333333
0.0018518518518518485
-0.25
-0.08333333333333333
-0.07500000000000001
0.21071428571428572
0.4
0.5
-0.028571428571428567
0.29285714285714287
0.1103703703703704
0.26000000000000006
-0.02053571428571428
0.20051652892561983
0.04090909090909092
0.07555555555555556
-0.125
0.0
0.25
-0.012177328843995515
0.237921626984127
0.05
-0.125
0.04000000000000002
0.06875
0.18571428571428572
-0.23333333333333328
-0.35000000000000003
0.0
-0.075
0.19999999999999998
-0.125
-0.15
-0.025
-0.08888888888888889
-0.105
0.11804511278195488
0.0
0.2838541666666667
-0.15
0.0
-0.1
0.48333333333333334
0.0
-0.07708333333333332
-0.15515873015873016
0.17500000000000004
-0.1875
-0.09166666666666667
0.2833333333333333
0.5333333333333333
0.21203703703703705
0.10333139083139085
-0.08333333333333333
0.021875
0.09999999999999999
0.10785714285714287
0.037500000000000006
0.7
0.01718749999999998
0.17500000000000002
0.0
0.0035714285714285587
0.31875
-0.12222222222222223
0.42000000000000004
0.11197916666666667
0.1772959183673469
0.1153061224489796
0.0
0.2618303571428571
-0.06625
0.33749999999999997
0.65
0.0
-0.07142857142857142
0.55
0.0
0.2
-0.16666666666666669
0.03125
-0.03333333333333333
0.0
0.06785714285714285
0.25
-0.5
0.1956439393939394
0.07417998667998668
0.046590909090909086
0.2640625
0.14017857142857143
0.175
0.2783333333333333
-0.005396825396825395
-0.20714285714285716
-0.5
0.024999999999999994
0.41000000000000003
0.14583333333333334
0.0
-0.8
0.5083333333333333
0.06530612244897957
0.10972222222222222
-0.128125
0.08194444444444444
0.5
0.259375
0.041517857142857134
0.025252525252525252
0.2125283446712018
-0.6
0.12916666666666668
0.4366666666666667
0.2568181818181818
0.0
0.0
0.4166666666666667
0.2589285714285714
-0.07285714285714286
0.009375000000000008
0.20833333333333334
0.0
0.0
0.29
0.17300275482093663
0.3208333333333333
0.48999999999999994
0.225
0.3333333333333333
0.36875
0.225
0.2392857142857143
0.0
0.07419507575757575
0.24405080213903746
0.4
0.55
0.0
0.0701388888888889
0.25
0.2018939393939394
0.45
0.0
-0.0002840909090909109
-0.4
0.04999999999999999
1.0
0.2587662337662338
0.14227272727272727
0.0
0.0
0.0
-0.04999999999999999
0.0375
0.08409090909090909
-0.1025
0.0
1.0
-1.0
0.0
-0.0625
-0.6
-0.39
0.0
-0.4
-0.00416666666666668
0.55
-0.16666666666666666
-0.3125
0.18333333333333335
0.15
-0.15
0.07083333333333335
0.0
0.0
0.0
0.2916666666666667
-0.3
0.0
0.30785714285714294
0.16666666666666666
0.23238095238095235
0.0
0.05
0.10208333333333335
0.125
0.255
0.5
0.6
0.0
0.8
0.0
0.22000000000000003
-0.010606060606060608
0.06833333333333333
0.09999999999999999
0.09073660714285714
0.22666666666666668
0.14177489177489178
0.0
0.051159147869674196
-0.012654320987654328
0.30999999999999994
0.14375
-0.0794642857142857
0.35
0.0
0.04107142857142857
-0.13333333333333333
0.2722222222222222
0.13333333333333333
0.0
0.0
0.2
0.15000000000000002
0.1
0.0
0.0
0.05520833333333333
0.0
0.0607142857142857
0.3
0.7
-0.021978021978021976
-0.1
0.14615384615384613
0.25
-0.09505494505494506
0.15
0.0
0.275
0.0
9.25185853854297e-18
0.09285714285714286
0.19204545454545457
0.06666666666666667
0.8333333333333334
0.0
-0.2
-0.095
0.3
0.0
0.1787878787878788
0.04568452380952383
0.2
0.2893939393939394
0.28750000000000003
0.10178571428571428
0.1
0.008333333333333328
-0.5
0.06562499999999999
0.0
0.5
0.13125
0.0
-0.08787878787878789
-0.4
0.013814935064935058
0.0
0.1
0.2333333333333333
-0.3125
0.005753968253968251
-0.05
0.11931818181818182
0.35
0.0
-0.16666666666666666
0.0
-0.1
0.125
-0.45
-0.05
-0.16666666666666666
0.1342532467532468
0.0
0.06666666666666667
0.13749999999999998
0.006666666666666643
