0.0
0.0
0.0
0.0
0.4
0.0
0.0
0.0
0.0
0.0
0.0
0.0
0.0
0.0
0.0
0.0
0.0
0.0
0.0
0.0
0.0
0.0
0.0
0.0
0.0
0.0
0.0
0.0
0.0
0.5
0.0
0.0
0.0
0.5
0.0
0.0
0.25
0.2
0.0
0.0
0.0
0.0
0.0
0.25
0.0
0.0
0.6
0.0
0.0
0.0
0.0
0.5
0.0
0.0
0.45
0.21875
0.26666666666666666
0.5
0.0
0.0
0.3
0.0
0.0
0.0
0.0
0.0
0.0
0.0
0.3166666666666667
1.0
0.0
0.0
0.0
0.0
0.0
0.0
0.0
0.16666666666666666
0.0
0.0
0.5
0.0
0.0
0.0
0.2583333333333333
0.0
0.5
0.0
0.0
0.625
0.0
0.625
0.5
0.16666666666666666
0.5
0.5
0.0
0.0
0.0
0.0
-0.5
0.5
0.5
0.5
0.5
0.03333333333333333
0.5
0.5
0.0
0.0
0.0
0.0
0.5
0.5
0.0
0.55
0.0
0.0
-0.5
0.5
0.5
0.0
0.5
0.0
0.0
0.5
0.0
0.0
-1.0
0.0
0.0
0.0
0.0
0.0
0.0
0.5
0.0
0.5
0.0
0.0
0.0
0.0
0.0
0.0
0.0
0.0
0.0
0.0
0.0
0.0
0.0
0.0
0.0
0.0
0.0
0.25
0.0
0.0
0.5
0.0
0.0
0.0
0.0
0.0
0.5
0.0
0.0
0.0
0.0
0.0
0.0
0.0
0.0
0.0
0.0
0.0
0.16666666666666666
0.0
0.0
0.0
0.16666666666666666
0.0
0.0
0.0
0.0
0.0
0.16666666666666666
0.0
0.0
0.0
0.0
-0.1
0.0
0.0
0.25
0.0
0.0
0.0
0.5
0.0
0.0
0.5
0.0
0.0
-0.6666666666666666
0.0
0.6
0.0
0.0
0.0
-0.6666666666666666
0.0
0.0
-0.15
0.2
0.0
0.0
0.0
0.0
0.4
0.0
0.0
0.0
-0.21666666666666662
0.0
0.0
0.0
0.0
0.0
0.0
0.0
0.0
0.0
0.5
0.0
0.0
0.0
0.21428571428571427
0.0
0.0
0.0
0.0
0.0
0.5625
0.06666666666666667
0.21428571428571427
0.0
0.4
0.16666666666666666
0.0
0.0
0.0
0.0
0.0
0.0
0.0
0.0
0.0
0.0
0.0
0.0
0.0
0.0
0.0
0.0
0.0
0.0
0.0
0.0
0.0
0.0
-1.0
0.0
0.25
0.0
0.5
0.5
0.0
0.5
0.0
0.55
0.0
0.0
0.0
0.0
0.0
0.1
0.0
0.5
0.0
0.3333333333333333
0.0
0.0
0.0
0.0
0.0
0.0
0.5
0.16666666666666666
0.0
0.0
0.0
0.0
0.5
0.0
0.21428571428571427
0.0
0.4047619047619047
0.0
0.0
0.0
0.0
0.0
0.0
0.5
0.5
0.5
0.0
0.0
0.0
0.5
0.5
0.0
0.0
0.5
0.0
0.0
0.0
0.375
0.0
0.1
0.0
0.0
0.0
0.5
0.45
0.0
0.5
0.0
0.0
-0.5285714285714286
0.0
0.0
0.0
0.0
0.0
0.0
0.0
0.0
0.0
0.0
0.0
0.0
0.0
0.0
0.0
0.0
-0.1
0.0
0.0
0.0
0.0
0.0
0.0
0.0
0.0
0.0
0.0
0.0
0.0
0.0
0.0
0.0
0.0
0.0
0.0
0.0
0.0
0.0
0.0
0.0
0.0
0.0
0.0
0.0
0.4
0.0
0.0
0.0
0.0
0.5
0.0
0.0
0.5
0.10416666666666667
0.5
0.0
0.0
0.6
0.0
0.3
0.6
0.0
0.0
0.0
0.3333333333333333
0.0
0.0
0.0
0.0
0.0
0.16666666666666666
0.0
0.0
0.0
0.0
0.18333333333333335
-0.35
0.0
0.0
0.0
0.0
0.0
0.0
0.0
0.0
0.0
0.0
0.0
0.0
0.0
0.0
0.0
0.0
0.0
0.0
0.0
0.5859375
0.0
0.0
0.0
0.0
0.0
0.0
0.0
0.0
0.0
0.0
0.0
0.0
0.0
0.0
0.0
0.0
0.0
0.0
0.0
0.0
0.0
0.0
0.0
0.0
0.3
0.0
0.0
0.0
-0.6
0.6
0.13333333333333333
0.17500000000000002
-0.09999999999999999
0.0
-0.25
0.0
0.0
0.0
0.0
0.34791666666666665
0.5
0.0
-0.5
0.2885416666666667
0.0
0.0
0.5
0.4
-0.1
0.0
-0.25
0.0
0.0
0.0
0.6
0.0
0.0
-0.75
0.0
0.0
0.0
0.0
0.55
0.5
0.5
0.0
0.0
0.0
0.3
0.0
0.3
-0.9
-0.2
-0.00625
0.0
0.016666666666666663
0.0
0.6
0.0
0.0
0.0
0.0
0.0
0.0
0.0
0.0
0.0
0.0
0.0
-0.575
0.0
0.0
0.0
0.0
0.5
-0.25
0.0
0.0
0.0
0.0
0.0
0.0
0.0
0.0
0.19999999999999998
0.0
0.0
0.0
0.0
0.0
0.0
0.25
0.0
-0.25
0.0
0.0
0.5
0.0
0.0
0.0
0.0
0.0
0.55
0.4
0.0
0.0
0.0
0.0
0.0
0.0
0.0
0.6
0.5
0.0
0.0
0.6
0.0
-0.4
0.0
0.0
0.0
0.0
0.0
0.0
0.0
0.0
-0.275
0.0
0.45555555555555555
0.0
0.0
0.0
0.0
-0.6666666666666666
0.0
0.0
0.6
0.0
0.0
0.0
0.0
0.5
0.6
0.0
0.0
0.0
0.0
0.0
0.0
0.1
0.0
0.0
0.0
0.0
0.0
0.0
0.0
0.0
0.0
0.0
0.0
0.0
0.0
0.1
0.0
0.0
0.0
0.011111111111111108
0.4875
0.2222222222222222
0.0
0.0
0.0
-0.45
0.1
0.0
0.0
0.0
0.0
0.0
0.0
0.1
-0.05
0.0
0.5
0.0
0.0
0.0
-0.016666666666666666
0.0
0.0
0.0
0.0
0.0
0.0
0.16666666666666666
0.0
0.0
0.0
0.0
0.0
0.0
0.0
0.0
0.0
0.0
0.0
0.0
0.0
0.0
0.0
0.0
0.0
0.0
0.0
0.0
0.0
0.007142857142857131
0.0
0.0
0.0
0.3
0.0
0.0
0.0
0.0
1.0
0.0
-0.8
0.0
-0.2
0.0
0.5
0.0
0.5
0.5
0.0
0.0
0.0
0.17500000000000002
0.2571428571428571
0.0
0.0
0.0
0.0
0.0
0.0
0.0
0.0
0.0
0.21428571428571427
0.5
0.0
0.0
0.0
0.0
0.15
0.0
0.0
-0.2
0.0
0.0
0.0
0.0
0.0
0.0
0.0
0.0
0.4
0.0
0.0
0.0
0.0
0.0
0.0
0.45
0.0
0.0
0.3
0.5
0.0
0.0
0.0
0.0
0.0
0.0
0.0
0.0
0.0
0.0
0.5
0.0
0.0
0.0
0.0
0.0
0.0
0.0
0.0
0.5
0.0
0.0
0.4
0.0
-0.75
0.0
0.0
0.4
0.35
0.0
0.0
0.0
0.0
0.0
0.5
0.2
0.0
0.0
0.5
0.0
0.625
0.0
0.0
0.0
0.0
0.0
0.0
0.5
1.0
0.0
0.0
0.0
0.0
0.0
0.0
0.0
0.0
0.5
0.0
0.5
0.21428571428571427
0.0
0.0
-0.25
0.0
0.1
0.0
0.0
0.0
0.0
0.0
0.0
0.0
0.4
0.0
0.0
0.0
0.0
0.0
0.0
0.25
0.0
0.0
0.0
0.0
0.0
0.0
0.5
0.0
0.0
0.26041666666666663
0.16666666666666666
0.0
0.0
0.0
0.5
0.0
0.0
0.0
0.0
0.0
0.0
0.0
0.0
0.0
0.0
0.0
0.0
0.0
0.0
0.0
0.0
0.0
0.0
0.0
0.0
0.16666666666666666
0.0
0.0
0.0
0.0
0.0
0.0
0.0
0.0
0.0
0.0
-0.9
-0.0625
0.0
0.0
-0.05
0.5
0.0
0.0
0.0
0.0
0.0
0.5
-0.25
0.0
0.0
0.0
0.0
0.0
0.0
0.0
0.0
0.1
0.4
0.2
0.0
0.0
0.0
0.0
0.5
0.0
0.0
0.0
0.0
0.0
0.0
0.0
0.0
0.0
0.0
0.1
0.25555555555555554
-0.05
0.0
-0.05
0.0
0.0
0.0
0.0
0.0
0.0
0.0
0.0
0.0
-1.0
0.0
0.0
0.0
0.0
0.0
0.0
0.0
0.0
0.0
0.0
0.5
0.5
0.0
0.0
0.0
0.0
0.0
0.0
0.0
0.2916666666666667
0.0
0.0
0.0
0.0
0.6
0.6
-0.9
0.0
0.0
0.0
0.0
0.0
0.0
0.0
0.0
0.0
0.0
0.0
0.0
0.0
0.0
0.0
0.0
0.0
0.0
0.0
0.0
0.0
0.0
-0.9
0.4
0.30714285714285716
0.0
0.0
0.0
0.0
0.6
0.0
0.0
0.4
0.0
0.5
0.6
0.5
0.0
0.0
0.0
0.1
0.0
0.0
0.0
0.0
0.0
-0.00625
0.0
0.0
0.0
0.0
-0.0125
0.0
0.0
0.0
-0.08333333333333333
-1.0
0.0
0.0
0.0
0.0
0.0
0.0
0.0
0.0
0.5
0.0
0.5
0.0
0.0
0.6
0.0
0.0
0.0
0.0
0.0
0.0
0.0
0.2
0.0
-0.75
0.0
0.0
0.0
0.06666666666666665
0.21428571428571427
0.0
0.1
0.0
0.0
0.0
0.0
-0.05
0.0
0.0
0.0
0.0
0.0
0.0
0.0
0.0
0.0
0.0
-0.05
0.0
0.0
0.6
0.0
0.0
0.0
0.0
0.0
0.0
0.0
0.0
0.0
-0.50625
0.0
0.0
0.0
0.0
-0.2
0.0
0.0
-0.4
0.0
-0.25
0.0
0.675
-0.1
0.6
0.0
0.0
0.6
0.3833333333333333
0.0
0.16666666666666666
0.1111111111111111
0.3
0.0
0.0
-0.6875
0.0
0.0
0.0
0.0
0.0
0.0
0.0
0.0
0.0
0.0
0.5
-0.325
0.0
0.0
0.0
0.5
0.0
0.0
0.0
0.16666666666666666
0.0
0.0
0.0
0.5
0.0
0.0
0.0
0.0
-0.00625
0.0
0.0
-0.1
0.0
0.5
0.0
0.0
0.0
0.0
0.0
0.5
0.0
0.0
0.0
-0.375
0.0
0.0
0.0
0.0
0.0
0.0
0.0
0.0
0.0
0.0
0.0
0.0
-0.19285714285714284
0.0
0.0
0.0
0.03333333333333333
0.0
0.0
0.0
0.0
0.0
0.0
0.0
0.0
0.0
0.0
0.0
0.0
0.0
0.0
0.0
0.16666666666666666
0.0
0.0
0.0
0.0
0.16666666666666666
0.0
0.0
0.0
0.0
0.21428571428571427
0.0
0.0
0.0
0.0
0.0
0.0
0.0
0.0
0.5
0.0
0.0
-0.875
0.0
0.0
0.0
0.0
0.0
0.0
0.6
0.0
0.0
0.0
0.0
0.0
0.6
0.0
0.0
0.1
0.4
0.0
0.0
0.0
0.0
0.0
0.0
0.0
-0.2
0.0
0.2
0.0
0.0
0.0
0.0
0.0
0.0
0.0
0.0
0.0
0.4
0.0
0.0
0.5
0.0
-0.5
0.0
0.0
0.0
0.0
0.0
0.0
0.0
-0.3
0.0
0.0
0.0
0.0
0.0
0.0
0.0
0.0
0.0
0.0
0.0
0.0
0.0
0.0
0.0
0.0
0.0
0.0
0.0
0.0
0.0
0.0
0.0
0.0
0.0
0.0
0.0
-0.6666666666666666
0.0
0.0
0.0
0.0
0.0
0.0
0.0
-0.35
0.0
0.0
0.4
0.0
0.5
0.0
0.0
0.5
0.0
-0.225
0.0
0.0
0.0
0.0
0.0
0.0
0.5
0.0
0.0
0.0
0.0
0.0
0.0
0.0
0.0
0.0
0.6
0.0
0.0
0.0
0.0
0.0
0.0
0.0
0.0
0.0
0.0
0.0
0.0
0.0
0.0
0.0
0.0
0.0
0.0
0.0
0.05833333333333333
0.0
0.0
0.0
0.0
0.0
-0.0125
0.0
0.0
0.0
0.0
0.0
0.3
-0.21875
0.0
0.30714285714285716
0.2
0.0
-0.05
-0.1333333333333333
0.07142857142857142
-0.6666666666666666
0.0
0.0
0.0
0.0
0.0
0.0
-0.033333333333333326
0.0
0.0
0.0
0.0
0.0
0.0
0.0
0.0
0.0
0.0
0.0
0.0
0.0
0.0
0.0
0.0
0.2
0.0
0.0
0.0
0.0
0.0
0.0
0.0
0.0
0.0
0.0
0.0
0.0
0.0
0.6
0.0
0.0
0.0
0.6
0.6
0.0
0.0
0.0
0.0
0.0
0.0
-0.125
0.0
-0.1
0.0
0.0
0.0
0.0
-0.2
0.0
0.0
0.0
0.0
-0.6666666666666666
0.0
0.0
0.0
0.0
0.0
0.5
0.0
0.0
0.0
0.0
0.0
0.0
0.0
0.0
0.0
0.0
0.0
0.2
0.0
0.0
0.0
0.25
0.2
0.0
0.0
0.0
0.0
0.0
0.0
0.0
0.0
0.0
0.0
-0.2
0.7000000000000001
0.0
0.10714285714285714
0.0
0.0
0.0
0.0
0.0
0.0
0.0
-0.05
0.0
0.0
0.0
0.0
0.5
0.0
0.5
0.0
0.0
-0.2
0.0
0.0
0.0
0.0
0.21428571428571427
0.0
0.0
0.0
-0.8
0.0
0.0
0.0
0.0
0.0
-0.05
0.0
0.0
0.0
0.0
0.0
0.0
0.0
0.5
0.0
0.0
0.0
0.0
0.0
0.0
0.0
0.0
0.0
0.0
0.0
0.0
0.2
0.0
0.0
0.0
0.0
0.4
0.0
0.0
0.0
0.0
0.0
0.0
0.0
0.0
0.0
0.0
0.0
0.4
0.0
0.0
0.0
-0.875
0.0
0.0
0.0
0.0
0.4
0.0
0.0
0.18888888888888888
0.0
0.0
0.0
0.0
0.0
0.0
0.0
-0.04999999999999999
0.0
0.5
0.0
0.4
0.0
0.0
0.0
-0.5
0.0
0.0
0.0
0.0
0.0
0.0
0.0
0.0
0.0
0.0
0.0
0.0
0.0
0.5
0.0
0.0
-0.125
0.0
0.0
0.0
0.0
0.0
0.0
0.0
0.4
0.0
0.0
0.0
0.0
0.0
0.0
0.0
0.0
0.0
0.0
0.0
0.0
0.0
0.0
0.0
0.0
0.0
0.0
0.0
0.0
0.0
0.0
0.0
0.0
0.5
0.0
0.0
0.0
0.0
0.0
0.0
0.0
0.5071428571428571
0.0
0.6
0.0
0.0
0.0
0.0
0.0
0.0
0.0
0.0
0.0
0.0
0.0
0.0
0.0
0.0
0.0
0.0
0.0
0.0
0.0
0.0
0.0
0.0
0.0
0.0
0.0
0.0
0.0
0.4
0.0
0.0
0.125
0.0
0.5
0.0
0.0
0.0
0.0
0.0
0.0
0.21428571428571427
0.0
0.16666666666666666
0.0
0.0
0.0
0.0
0.0
0.0
0.2
0.0
0.0
0.0
0.0
0.0
0.0
0.0
0.0
0.0
0.0
0.0
0.0
0.0
0.0
0.0
0.0
0.0
-0.9
0.0
0.6
0.0
0.0
0.0
0.0
0.0
0.0
0.0
0.0
0.0
0.0
0.0
0.0
0.0
0.0
0.0
0.0
0.0
0.0
0.0
0.0
0.6
0.6
0.0
0.0
0.6
0.0
0.0
0.5
0.4
0.0
0.6
0.3666666666666667
0.1
0.0
0.0
0.4
0.0
0.0
0.0
-0.05
0.0
-0.1
0.375
0.0
0.0
0.0
0.5
0.0
0.0
0.5
0.0
-0.8
0.0
-0.05
-0.0625
0.0
0.5
0.0
0.16666666666666666
0.0
0.0
0.0
0.0
0.0
0.016666666666666666
0.0
0.0
0.0
0.0
0.0
0.0
0.0
0.0
0.0
0.0
0.0
0.0
0.0
-0.05
0.0
0.0
0.0
0.0
0.0
0.0
0.0
-0.375
0.0
0.0
0.0
0.1
0.0
0.0
0.0
0.0
0.4
0.5
0.0
0.0
0.0
-0.6666666666666666
0.4
-0.75
0.0
-0.5
0.0
0.0
0.16666666666666666
0.21428571428571427
0.4
0.0
0.0
0.0
0.0
0.0
0.0
0.16666666666666666
-0.875
0.0
0.0
0.0
0.0
0.0
0.05833333333333333
0.0
0.0
0.0
0.0
0.1
0.0
0.0
0.0
0.0
0.0
0.0
0.0
0.0
0.5
0.0
0.0
0.0
0.0
0.0
0.0
0.0
0.0
0.0
0.0
-0.2
0.0
0.0
0.0
0.0
0.0
0.0
0.22727272727272727
0.0
0.0
0.0
0.0
0.0
0.0
0.5
0.0
0.0
0.0
0.0
0.0
0.0
0.0
0.0
0.0
0.0
0.0
0.0
0.0
0.0
0.0
0.0
0.0
0.0
0.0
0.0
0.0
0.0
0.0
0.0
0.0
0.0
0.0
0.0
0.0
0.0
0.0
0.0
0.0
0.0
0.0
0.0
0.0
0.0
0.0
0.0
0.0
0.0
0.0
0.0
0.0
0.0
0.0
-0.1
0.0
0.375
0.0
0.0
0.0
0.5
0.0
0.0
0.0
0.0
0.0
0.0
0.0
0.0
0.0
0.0
0.0
0.0
0.0
0.0
0.0
0.0
0.0
0.20833333333333334
0.0
0.0
0.4
0.0
0.0
0.0
0.125
0.0
0.4
0.0
0.0
0.0
0.0
0.0
0.0
0.0
0.0
0.0
0.8
0.0
0.0
0.0
0.0
0.0
0.0
0.0
0.0
0.0
0.0
0.0
0.0
0.0
0.0
0.3
0.0
0.0
0.0
0.0
-0.55
0.0
0.0
0.03333333333333333
0.0
0.0
0.0
0.4
0.21428571428571427
0.2375
0.0
0.4
0.0
0.0
0.0
0.0
0.0
0.0
0.0
0.0
0.0
0.0
0.4
0.0
0.0
0.0
0.0
0.0
0.21428571428571427
0.0
0.0
-0.3
0.0
0.0
0.0
0.0
0.0
0.0
0.0
0.0
0.0
-0.21875
0.0
0.0
0.0
0.0
0.0
0.0
0.0
0.0
0.0
0.0
0.0
0.0
0.5
0.0
0.0
0.0
0.0
0.0
0.0
0.0
0.0
0.0
0.0
0.0
0.1
0.0
0.0
0.0
0.0
0.0
0.0
0.0
1.0
0.0
0.0
0.0
0.0
0.0
0.0
0.0
0.0
0.0
0.0
0.0
0.0
-0.05
0.0
0.0
0.4
0.0
0.0
0.5
0.0
0.0
0.0
0.0
0.0
0.0
0.4
0.0
0.0
-0.6666666666666666
1.0
0.0
0.0
0.0
0.0
0.0
0.0
0.0
0.0
0.0
0.0
0.0
0.13333333333333333
0.0
0.0
0.0
0.0
0.0
0.0
0.0
0.0
0.0
0.0
0.0
0.5
0.0
0.0
0.0
0.0
0.0
0.0
-0.2
0.0
0.0
0.0
-0.05
0.0
0.5
0.0
0.0
0.0
0.0
0.0
0.0
0.0
0.0
0.0
0.0
0.0
0.0
0.0
0.0
0.0
0.0
0.0
0.0
0.0
0.0
0.0
0.0
0.0
0.0
0.0
0.0
0.0
0.0
0.0
0.0
0.0
0.0
0.0
0.0
0.3
0.0
0.0
0.0
0.08333333333333333
0.0
0.2
0.0
0.0
0.0
0.0
0.0
0.0
0.0
0.0
0.0
0.0
0.0
0.0
0.0
0.0
0.4
0.0
0.0
0.0
0.0
0.0
0.0
0.0
0.0
0.4
0.0
-0.05
-0.5
0.0
0.375
0.0
0.0
0.0
0.0
0.0
-0.4666666666666666
0.0
0.6
0.0
0.375
0.0
0.0
0.0
0.0
0.0
0.0
0.0
0.0
0.0
0.0
0.0
0.0
0.0
0.0
0.0
-0.4666666666666666
0.0
0.0
-0.5
0.0
-0.4666666666666666
0.0
0.0
0.0
0.0
0.0
0.0
0.0
0.0
0.0
0.25
0.0
-0.2
0.0
0.0
0.0
0.0
0.0
0.4
0.2
0.0
0.0
0.5136363636363637
0.0
0.0
0.0
0.0
0.5
0.0
0.0
0.0
0.0
-0.75
0.5
0.0
0.0
0.0
-0.2
0.0
0.0
0.0
0.0
0.0
0.0
0.0
0.0
0.0
0.16666666666666666
0.0
0.0
0.0
0.0
0.0
0.0
0.0
0.0
0.0
0.0
0.0
0.0
0.0
0.0
0.0
-0.2
0.0
0.0
0.0
0.0
0.0
0.0
0.0
0.0
0.0
0.0
0.0
0.0
0.0
0.35
0.4
0.0
0.0
0.0
0.0
0.0
0.0
0.0
0.0
0.0
0.0
0.0
0.0
0.0
0.0
-0.859375
0.0
0.0
0.0
0.0
0.0
0.08333333333333333
0.4
0.40714285714285714
0.0
0.0
0.0
0.0
0.16666666666666666
0.0
0.0
0.0
0.0
0.0
0.0
0.0
0.0
0.0
-0.05
0.0
0.0
0.0
0.0
0.0
0.0
0.0
0.0
0.0
0.0
0.0
0.2
0.0
0.0
0.0
0.0
0.3333333333333333
0.0
0.0
0.5
0.0
0.0
0.0
0.0
0.0
0.0
0.0
0.0
0.0
0.0
0.0
0.0
0.0
0.0
0.0
0.3125
0.0
0.0
0.0
0.0
0.0
0.0
0.25
0.0
0.0
0.0
0.0
0.0
0.0
0.0
0.0
0.0
0.0
0.2
0.0
0.0
0.0
0.0
0.0
0.0
0.0
0.0
0.0
0.0
0.0
0.16666666666666666
0.0
0.0
0.0
0.0
0.0
0.0
0.0
0.0
0.0
0.0
0.0
0.0
-0.25
0.0
0.0
0.0
0.0
0.0
0.0
0.0
0.0
0.0
-0.2
0.0
0.0
0.0
0.0
0.0
0.0
0.0
0.78125
0.0
0.0
0.0
0.0
0.0
-1.0
0.2
0.0
0.0
0.0
0.0
0.0
0.2875
0.0
0.0
0.0
0.0
0.0
0.0
0.0
0.21428571428571427
0.0
0.0
0.0
0.1
0.0
0.0
0.0
0.0
0.0
0.0
0.02916666666666667
0.0
0.0
-0.05
0.1
0.20714285714285713
0.0
0.0
0.0
0.0
0.0
0.0
0.0
0.0
0.0
0.0
0.0
-0.1
0.0
0.0
0.5
0.0
0.5
0.0
0.0
0.0
0.0
0.0
0.0
0.0
0.0
0.0
0.0
0.0
0.0
0.0
0.0
0.0
0.0
0.5
0.0
0.0
0.0
0.0
0.0
0.16666666666666666
0.6
0.0
0.0
0.0
-0.6666666666666666
0.0
0.6
0.0
0.6
0.0
0.6
0.4
0.0
0.0
0.0
0.0
0.4
0.0
0.0
0.0
0.0
0.0
0.3
0.0
0.0
0.0
0.0
0.0
-0.22619047619047616
0.0
0.0
0.0
0.0
0.0
0.0
0.0
0.0
0.0
0.0
0.0
0.0
0.0
0.0
0.0
0.0
0.0
0.0
0.0
0.0
0.0
0.0
0.0
0.0
0.0
0.0
0.0
0.0
0.0
0.0
0.0
0.0
0.0
0.0
0.5
0.0
0.0
0.0
0.0
0.0
0.0
0.0
0.32222222222222224
0.0
0.0
0.0
0.6
0.0
0.0
0.0
0.0
0.0
0.0
0.0
0.0
0.0
0.0
0.0
0.0
-0.4
0.0
0.0
0.0
0.5
0.0
0.0
0.0
0.0
0.0
0.0
0.0
0.0
0.0
0.0
0.0
0.0
0.0
0.0
0.2
0.5
0.0
0.0
0.0
0.0
-0.05
0.0
0.0
0.1
0.0
0.0
0.375
1.850371707708594e-17
0.21875
0.0
0.0
0.5
0.0
0.0
0.0
0.0
0.0
0.0
0.0
0.4
0.0
0.0
0.0
0.0
-0.13333333333333333
0.19999999999999998
0.0
-0.05
0.0
0.0
0.0
0.0
0.0
0.0
0.0
0.0
0.0
0.0
0.0
0.0
-0.25
0.0
0.0
0.0
0.16666666666666666
0.0
0.0
0.0
0.5
0.0
0.0
0.0
0.013636363636363627
0.0
0.0
0.8
0.0
0.0
0.0
0.0
0.0
0.4
0.0
-0.05833333333333333
0.0
0.0
0.0
0.0
0.0
0.0
0.0
0.0
0.0
0.0
0.0
0.0
0.0
0.0
0.0
0.0
0.0
0.0
0.0
0.0
0.0
0.0
0.0
0.0
0.0
0.0
0.0
0.0
0.0
0.0
0.0
-1.0
0.0
0.0
-1.0
0.0
0.0
0.0
0.0
0.0
0.0
0.0
0.0
0.0
0.0
0.0
0.0
0.0
0.0
0.0
0.0
0.0
0.0
0.0
0.0
0.0
0.0
0.0
0.0
0.0
0.0
0.0
0.0
0.0
0.0
0.0
0.0
0.0
0.0
0.0
-0.8
0.0
0.0
0.0
0.0
0.0
0.0
0.0
0.0
0.0
0.0
0.0
0.0
0.0
0.0
0.0
0.0
0.0
0.0
0.0
0.0
0.0
0.0
0.0
0.0
0.0
0.0
0.0
0.0
0.0
0.0
0.0
0.0
0.8
0.0
0.0
0.0
0.16666666666666666
0.0
0.0
0.16666666666666666
0.0
0.16666666666666666
0.0
0.0
0.06666666666666667
0.0
0.0
0.0
0.0
0.0
0.0
-0.04999999999999999
0.16666666666666666
0.0
0.0
0.0
0.0
0.0
0.0
0.0
0.0
0.0
0.0
0.0
0.0
0.0
0.22727272727272727
0.0
0.0
0.0
0.0
-0.0625
0.0
0.0
0.0
0.0
0.0
0.0
0.0
0.0
0.0
0.0
0.0
0.0
0.0
0.0
0.16666666666666666
-0.25
-0.05
0.0
0.0
0.0
0.0
0.0
0.0
0.0
0.0
0.0
0.0
0.0
0.0
0.0
0.0
0.0
0.4
0.0
0.0
0.0
0.0
0.0
0.0
-0.5
0.21428571428571427
0.0
0.0
0.0
-0.4
0.0
0.0
0.0
0.15
0.0
0.0
0.0
-0.4
0.0
0.0
0.0
-0.0125
-0.75
0.0
0.0
0.0
0.0
0.2
0.0
0.0
0.05
0.0
0.0
0.0
0.0
0.0
0.0
0.0
0.0
0.0
0.0
0.0
0.0
0.0
0.0
0.0
0.0
0.2
0.0
0.0
0.0
0.0
0.0
0.0
0.0
0.0
0.0
0.0
0.0
0.0
0.0
0.0
0.1
0.35
0.0
0.2
0.0
0.0
0.16666666666666666
0.0
0.0
0.0
0.0
0.1
0.0
0.0
0.0
0.0
0.0
0.0
0.0
0.0
0.0
0.0
0.0
0.0
0.0
0.0
0.0
0.0
0.4
0.0
0.0
0.0
0.0
0.0
0.0
0.4
0.0
0.0
0.0
0.0
0.0
0.0
0.0
0.0
0.0
0.0
0.0
0.0
0.0
0.0
0.0
0.0
0.0
0.0
0.0
0.0
-0.05
0.0
0.0
0.0
0.0
0.0
0.0
0.0
0.0
0.0
0.0
0.0
-0.5
0.0
0.0
0.0
0.0
0.0
0.0
-0.6666666666666666
0.0
0.0
0.0
0.0
0.0
0.16666666666666666
0.0
0.0
0.0
0.0
0.0
0.0
0.0
0.0
0.0
0.0
0.0
0.0
0.0
0.0
0.0
0.0
0.10714285714285714
0.0
0.0
0.0
0.0
0.0
0.0
0.0
0.0
0.0
0.0
0.0
-0.5
0.0
0.0
0.0
0.0
0.0
0.0
0.0
0.0
0.0
0.0
0.0
0.0
0.6
0.0
0.0
0.0
0.0
0.0
0.0
0.0
-1.0
0.0
0.0
0.0
0.0
0.0
0.0
0.0
0.0
0.0
0.0
0.0
0.0
0.0
0.0
0.0
0.0
0.0
0.0
0.0
0.0
0.0
0.0
0.0
0.0
0.0
0.0
0.0
0.0
0.0
0.0
0.0
0.0
0.0
0.0
0.0
0.0
0.0
0.0
0.0
0.0
0.0
0.0
0.0
0.0
-0.9
0.0
-0.9
0.0
-1.0
0.0
0.0
0.0
0.0
0.0
0.0
-0.6
0.0
0.0
0.0
0.4
0.0
0.0
0.0
0.0
0.0
0.0
0.0
0.0
0.0
0.0
0.0
0.0
0.0
0.0
0.0
0.0
0.0
0.0
0.4
0.0
0.0
0.0
0.0
0.0
0.0
0.0
-0.1
0.0
0.0
0.0
0.0
0.0
0.0
0.0
0.0
0.0
0.0
0.5
0.0
0.0
0.0
0.0
0.0
0.0
0.0
0.0
0.0
0.0
0.0
0.0
-0.6666666666666666
0.0
0.0
0.0
0.0
0.16666666666666666
0.2833333333333333
0.0
0.0
0.0
0.0
0.0
0.0
0.0
0.0
0.0
0.0
0.0
0.0
0.0
-0.05
0.0
0.0
0.0
0.0
0.0
0.2
0.0
0.0
0.0
0.0
0.0
0.0
0.0
0.0
0.0
0.08333333333333333
0.4
0.0
0.0
0.0
0.0
0.0
0.0
0.0
0.0
0.0
0.0
0.0
0.0
0.3
0.0
0.0
-0.05
0.5
-0.05
0.0
0.5
0.5
0.0
0.0
0.0
0.0
0.0
0.0
0.0
0.5
0.0
0.0
0.0
0.0
0.0
0.0
0.0
0.0
0.0
0.0
0.0
0.0
0.0
0.0
0.0
0.0
0.0
0.0
0.0
0.0
0.6
0.0
0.0
0.1
0.21428571428571427
0.0
0.0
0.0
0.0
0.0
0.0
0.0
0.0
0.0
0.0
0.0
0.0
0.5
0.0
0.0
0.4
0.5
-0.2555555555555555
0.0
0.0
0.0
0.1
0.05
0.4
0.0
0.0
0.25
0.0
0.0
0.0
0.0
0.0
0.0
0.0
0.0
0.0
0.0
0.0
0.21428571428571427
0.0
0.0
0.16666666666666666
0.0
0.0
-0.9
0.0
0.0
0.0
0.4
0.0
0.0
0.0
0.5
0.0
0.0
0.0
0.0
0.0
-0.2
0.21428571428571427
-0.05
0.21428571428571427
0.08333333333333333
0.0
0.0
0.0
0.0
0.0
0.0
0.0
0.0
0.0
0.2
0.0
0.25
0.0
0.0
0.6
0.0
0.0
0.0
0.0
0.0
0.0
0.0
0.0
0.0
0.0
0.0
0.08333333333333333
0.0
0.0
0.0
0.0
0.0
0.0
0.0
0.0
0.0
0.0
0.0
0.3333333333333333
0.0
0.0
0.5
0.0
0.0
0.0
0.0
0.0
-0.05
0.0
0.0
0.0
0.0
0.2
-0.16666666666666669
0.0
0.0
0.0
0.0
0.2
0.0
0.0
-0.0125
0.0
0.5875
0.0
0.0
0.0
0.0
0.0
0.0
0.0
0.2
0.16666666666666666
0.0
0.0
0.0
0.0
0.0
0.5
0.0
0.0
0.0
0.0
0.0
-1.0
0.0
0.0
0.0
0.0
0.0
-1.0
0.0
-0.8
0.0
0.4
0.0
0.0
0.0
0.0
0.0
0.0
0.0
0.0
0.0
0.0
0.0
0.0
0.0
0.0
0.03333333333333333
0.0
0.0
0.375
0.0
0.0
0.0
0.0
0.0
0.0
0.0
0.0
0.0
0.6
0.5
0.0
0.0
0.0
0.0
-0.2
-0.008333333333333331
0.0
0.19047619047619047
0.0
0.0
0.0
0.0
0.0
0.0
0.0
0.0
0.0
0.0
0.0
0.0
0.0
0.0
0.0
0.0
0.5
0.0
0.0
0.0
0.0
-0.4
0.0
0.25
0.6
0.0
0.0
0.0
0.0
0.0
-0.3333333333333333
0.0
0.0
0.0
0.0
0.0
0.0
0.0
0.0
0.0
0.0
0.0
0.0
0.0
0.0
0.0
0.0
0.0
0.0
0.0
0.0
0.0
0.0
0.0
0.0
0.125
0.0
0.0
0.0
0.0
0.0
0.0
0.6
0.0
0.0
0.0
0.0
0.0
0.0
0.0
0.0
0.0
0.5
0.0
0.0
0.0
0.10714285714285714
